0.0015171469980656527
0.0015162586404395511
0.001515307487768641
0.0015142909262047693
0.001513205862420132
0.001512049203086932
0.0015108178548773738
0.0015095087244636567
0.0015081187185179883
0.0015066447437125743
0.0015050837067196125
0.001503432514211308
0.0015016880728598643
0.0014998472893374836
0.001497907070316367
0.0014958643224687173
0.001493715952466744
0.001491458866982643
0.0014890899726886224
0.0014866061762568786
0.001484004384359625
0.0014812815036690545
0.0014784344408573726
0.0014754601025967894
0.0014723553955594939
0.0014691172264177054
0.0014657425018436145
0.0014622281285094302
0.0014585710130873564
0.0014547680622495906
0.0014508161826683403
0.0014467127455441088
0.001442456980190593
0.0014380485804497906
0.001433487240163708
0.0014287726531743415
0.0014239045133236934
0.00141888251445376
0.0014137063504065424
0.0014083757150240403
0.0014028903021482543
0.0013972498056211823
0.0013914539192848264
0.0013855023369811817
0.0013793947525522555
0.0013731308598400453
0.0013667103526865446
0.0013601329249337598
0.0013533982704236882
0.001346506082998326
0.0013394560564996853
0.00133224788476975
0.0013248812616505298
0.0013173558809840252
0.0013096714366122315
0.0013018276223771483
0.0012938241321207781
0.0012856606596851204
0.0012773368989121704
0.0012688525436439337
0.0012602072877224125
0.0012514008249895987
0.0012424328492874944
0.0012333030544580993
0.0012240111343434145
0.0012145567827854431
0.0012049396936261799
0.001195159560707624
0.001185216494423743
0.0011751122713763574
0.0011648490847192504
0.0011544291276062123
0.001143854593191027
0.0011331276746274778
0.0011222505650693515
0.0011112254576704352
0.0011000545455845177
0.0010887400219653778
0.001077284079966804
0.0010656889127425807
0.0010539567134464987
0.001042089675232341
0.0010300899912538911
0.0010179598546649357
0.0010057014586192627
0.0009933169962706555
0.0009808086607729011
0.0009681786452797862
0.000955429142945093
0.0009425623469226094
0.0009295804503661231
0.0009164856464294175
0.0009032801282662785
0.0008899660890304918
0.0008765457218758427
0.0008630212199561174
0.0008493947764251042
0.0008356685844365867
0.0008218448371443499
0.0008079257277021765
0.0007939134492638577
0.000779810194983179
0.0007656181580139215
0.0007513395315098791
0.00073697650862483
0.0007225312825125586
0.0007080060463268605
0.0006934029932215111
0.0006787243163502983
0.0006639722088670138
0.0006491488639254369
0.0006342564746793587
0.0006192972342825626
0.0006042733358888275
0.0005891869726519517
0.0005740403377257139
0.0005588356242638958
0.0005435750254202917
0.0005282607343486815
0.0005128949442028544
0.0004974798481365996
0.00048201763930369
0.00046651051085792145
0.00045096065595307997
0.0004353702677429462
0.00041974153938130617
0.0004040766640219526
0.0003883778348186671
0.0003726472449252303
0.00035688708749543555
0.0003410995556830655
0.00032528684264190356
0.00030945114152574043
0.0002935946454883587
0.00027771954768354484
0.00026182804126508225
0.00024592231938675867
0.00023000457520236264
0.00021407700186567733
0.0001981417925304862
0.00018220114035058098
0.00016625723847973754
0.00015031228007175246
0.0001343684582804037
0.00011842796625948318
0.0001024929971627671
8.65657441440537e-5
7.064840035711885e-5
5.4743158955752966e-5
3.885221309374569e-5
2.297775592486988e-5
7.1219806029229876e-6
-8.712919718311838e-6
-2.4524751885053402e-5
-4.03113227435088e-5
-5.607043913989987e-5
-7.179990792043447e-5
-8.749753593133075e-5
-0.00010316113001880242
-0.00011878849702905993
-0.00013437745986313225
-0.00014992594790861344
-0.00016543214014800504
-0.0001808945846548018
-0.00019631216973667656
-0.00021168385264217307
-0.00022700859061984134
-0.00024228534091823013
-0.00025751323136489535
-0.00027269207210347407
-0.00028782184385659924
-0.0003029025273469212
-0.0003179341032970834
-0.0003329165524297218
-0.00034784985546749145
-0.00036273399313302315
-0.00037756894614897124
-0.0003923546952379729
-0.0004070912211226747
-0.0004217785045257104
-0.0004364165261697355
-0.0004510052667773905
-0.00046554470707131873
-0.0004800348277741544
-0.0004944756096085521
-0.0005088670332971537
-0.0005232090795625966
-0.0005375017291275283
-0.0005517449627145915
-0.0005659387610464295
-0.0005800831048456854
-0.0005941779748350036
-0.0006082233517370258
-0.0006222192162743948
-0.0006361655491697588
-0.0006500623311457548
-0.0006639095429250311
-0.000677707165230225
-0.0006914551787839853
-0.0007051535643089543
-0.0007188023025277753
-0.0007324013741630907
-0.0007459507599375442
-0.0007594504405737759
-0.000772900396794436
-0.0007863006093221646
-0.0007996510588796063
-0.0008129517261893953
-0.000826202591974185
-0.0008394036369566225
-0.000852554841859339
-0.0008656561874049823
-0.0008787076543161979
-0.0008917092233156301
-0.0009046608751259197
-0.0009175625904697115
-0.0009304143500696458
-0.0009432161346483703
-0.0009559679249285242
-0.0009686697016327505
-0.0009813214454837001
-0.0009939231372040084
-0.0010064747575163231
-0.0010189762871432827
-0.0010314277068075336
-0.0010438289972317227
-0.001056180139138491
-0.0010684811132504754
-0.0010807319002903233
-0.0010929324809806837
-0.0011050828360441936
-0.0011171829462034988
-0.0011292327921812416
-0.0011412323547000647
-0.0011531816144826127
-0.0011650805522515316
-0.001176929148729459
-0.0011887273846390412
-0.0012004752407029251
-0.0012121726976437432
-0.0012238197361841496
-0.0012354163370467842
-0.0012469624809542893
-0.0012584581486293097
-0.001269903320794489
-0.0012812979781724673
-0.001292642101485891
-0.001303935671457403
-0.0013151786688096465
-0.0013263710742652645
-0.0013375128685468986
-0.001348604032377195
-0.0013596445464787931
-0.0013706343915743451
-0.0013815735483864852
-0.0013924619976378567
-0.0014032997200511127
-0.0014140866963488863
-0.0014248229072538238
-0.0014355083334885682
-0.0014461429557757672
-0.0014567267548380564
-0.001467259711398086
-0.0014777418061784984
-0.001488173019901934
-0.0014985533332910377
-0.0015088827270684523
-0.0015191611819568213
-0.0015293886786787874
-0.0015395651979569966
-0.001549690720514088
-0.0015597652270727068
-0.001569788698355502
-0.001579761115085103
-0.0015896824579841712
-0.0015995527077753327
-0.0016093718451812423
-0.0016191398509245365
-0.0016288567057278654
-0.0016385223903138714
-0.001648136885405188
-0.0016577001717244702
-0.0016672122299943568
-0.0016766730409374896
-0.0016860825852765154
-0.001695440843734073
-0.0017047477970328119
-0.0017140034258953671
-0.001723207711044392
-0.0017323606332025196
-0.001741462173092401
-0.0017505123114366767
-0.0017595110289579923
-0.0017684583063789874
-0.0017773541244223048
-0.0017861984638105912
-0.001794991305266492
-0.0018037326295126403
-0.0018124224172716892
-0.0018210606492662844
-0.0018296473062190594
-0.0018381823688526624
-0.0018466658178897368
-0.0018550976340529263
-0.0018634777980648702
-0.0018718062906482172
-0.0018800830925256094
-0.0018883081844196892
-0.0018964815470530983
-0.0019046031611484838
-0.0019126730074284857
-0.0019206910666157487
-0.0019286573194329192
-0.0019365717466026332
-0.001944434328847536
-0.0019522450468902792
-0.0019600038814535006
-0.0019677108132598394
-0.0019753658230319414
-0.001982968891492451
-0.0019905199993640165
-0.001998019127369274
-0.002005466256230868
-0.002012861366671442
-0.0020202044394136377
-0.0020274954551801104
-0.002034734394693487
-0.002041921238676421
-0.0020490559678515456
-0.0020561385629415223
-0.002063169004668977
-0.0020701472737565604
-0.002077073350926913
-0.0020839472169026834
-0.0020907688524065076
-0.0020975382381610347
-0.0021042553548889053
-0.0021109201833127643
-0.002117532704155254
-0.002124092898139021
-0.0021306007459866967
-0.0021370562284209428
-0.0021434593261643897
-0.002149810019939684
-0.0021561082904694657
-0.002162354118476386
-0.0021685474846830826
-0.0021746883698122027
-0.0021807767545863853
-0.0021868126197282763
-0.0021927959459605135
-0.002198726714005749
-0.0022046049045866202
-0.002210430498425775
-0.002216203476245851
-0.0022219238187694964
-0.002227591506719351
-0.002233206520818064
-0.002238768841788269
-0.0022442784503526173
-0.002249735327233752
-0.00225513945315431
-0.0022604908088369414
-0.002265789375004288
-0.0022710351323789874
-0.002276228061683692
-0.002281368143641038
-0.002286455358973676
-0.002291489688404242
-0.002296471112655383
-0.0023013996124497393
-0.0023062751685099573
-0.00231109776155868
-0.0023158673723185515
-0.002320583981512213
-0.002325247569862309
-0.002329858118091478
-0.002334415606922373
-0.002338920017077628
-0.0023433713292798936
-0.00234776952425181
-0.0023521145827160193
-0.002356406485395165
-0.0023606452130118943
-0.0023648307462888485
-0.0023689630659486666
-0.0023730421527139974
-0.002377067987307483
-0.002381040550451763
-0.002384959822869486
-0.002388825785283291
-0.002392638418415828
-0.0023963977029897317
-0.002400103619727651
-0.002403756149352229
-0.0024073552725861055
-0.0024109009701519264
-0.002414393222772336
-0.0024178320111699755
-0.0024212173160674845
-0.002424549118187517
-0.0024278273982527073
-0.0024310521369857027
-0.002434223315109146
-0.002437340913345679
-0.0024404049124179482
-0.002443415293048592
-0.0024463720359602596
-0.0024492751218755885
-0.002452124531517226
-0.0024549202456078147
-0.002457662244869997
-0.0024603505100264135
-0.002462985021799715
-0.00246556576091254
-0.0024680927080875294
-0.0024705658440473312
-0.002472985149514588
-0.002475350605211939
-0.0024776621918620317
-0.0024799198901875124
-0.002482123680911018
-0.0024842735447551936
-0.0024863694624426827
-0.00248841141469613
-0.0024903993822381777
-0.0024923333457914695
-0.002494213286078648
-0.002496039183822358
-0.002497811019745243
-0.002499528774569942
-0.0025011924290191064
-0.0025028019638153715
-0.0025043573596813832
-0.0025058585973397867
-0.002507305657513225
-0.002508698520924337
-0.0025100371682957737
-0.0025113215803501746
-0.00251255173781018
-0.0025137276213984382
-0.0025148492118375865
-0.0025159164898502758
-0.0025169294361591433
-0.00251788803148684
-0.0025187922565559975
-0.0025196420920892675
-0.0025204375188092915
-0.002521178517438714
-0.0025218650687001765
-0.002522497153316321
-0.002523074752550504
-0.0025235978498289145
-0.002524066429118452
-0.002524480474386015
-0.0025248399695985
-0.0025251448987228114
-0.0025253952457258526
-0.002525590994574518
-0.0025257321292357048
-0.002525818633676317
-0.0025258504918632494
-0.002525827687763411
-0.0025257502053436945
-0.0025256180285709966
-0.0025254311414122264
-0.002525189527834275
-0.002524893171804048
-0.0025245420572884395
-0.0025241361682543516
-0.0025236754886686875
-0.0025231600024983414
-0.002522589693710214
-0.002521964546271206
-0.002521284544148218
-0.002520549671308151
-0.002519759912590188
-0.002518915256322669
-0.0025180156917062164
-0.002517061207941454
-0.0025160517942290103
-0.002514987439769507
-0.002513868133763569
-0.0025126938654118193
-0.0025114646239148826
-0.002510180398473385
-0.002508841178287948
-0.0025074469525592008
-0.0025059977104877626
-0.002504493441274261
-0.0025029341341193207
-0.002501319778223562
-0.0024996503627876124
-0.0024979258770120995
-0.0024961463100976414
-0.002494311651244866
-0.0024924218896543978
-0.0024904770145268576
-0.0024884770150628756
-0.0024864218804630696
-0.002484311599928073
-0.0024821461626585027
-0.0024799255578549844
-0.0024776497747181422
-0.002475318802448603
-0.002472932630246989
-0.002470491247313928
-0.0024679946428500387
-0.0024654428060559507
-0.0024628357261322837
-0.0024601733922796666
-0.002457455793698721
-0.0024546829195900757
-0.002451854759154346
-0.002448971301592163
-0.0024460325361041523
-0.002443038451890936
-0.00243998903815314
-0.0024368842840913844
-0.002433724178906293
-0.0024305087117984943
-0.0024272378719686176
-0.00242391164861728
-0.0024205300309451047
-0.002417093008152723
-0.0024136005694407525
-0.002410052704009821
-0.0024064494010605517
-0.00240279064979357
-0.0023990764394094975
-0.002395306759108962
-0.0023914815980925876
-0.0023876009455609973
-0.0023836647907148163
-0.002379673122754668
-0.00237562593088118
-0.002371523204294971
-0.0023673649321966734
-0.002363151103786907
-0.00235888170826629
-0.0023545567348354545
-0.0023501761726950248
-0.0023457400110456226
-0.002341248239087875
-0.002336700846022404
-0.002332097821049836
-0.002327439153370787
-0.0023227248321858996
-0.0023179548466957826
-0.0023131291861010657
-0.0023082478396023714
-0.002303310796400326
-0.0022983180456955512
-0.002293269576688675
-0.0022881653785803203
-0.002283005440571111
-0.002277789751861674
-0.002272518301652627
-0.0022671910791446023
-0.0022618080735382195
-0.0022563692740341064
-0.0022508746698328853
-0.0022453242501351816
-0.002239718004141613
-0.002234055921052816
-0.0022283379900694053
-0.0022225642003920083
-0.0022167345412212537
-0.0022108490017577614
-0.002204907571202154
-0.0021989102387550584
-0.0021928569936171013
-0.002186747824988902
-0.0021805827220710903
-0.0021743616740642867
-0.0021680846701691136
-0.0021617516995862023
-0.0021553627515161758
-0.0021489178151596518
-0.0021424168797172585
-0.0021358599343896225
-0.0021292469683773674
-0.0021225779708811156
-0.0021158529311014924
-0.0021090718382391236
-0.002102234681494633
-0.0020953414500686426
-0.0020883921331617803
-0.0020813867199746695
-0.002074325199707931
-0.002067207561562194
-0.00206003379473808
-0.0020528038884362176
-0.0020455178318572226
-0.002038175614201729
-0.0020307772246703575
-0.002023322653804202
-0.002015811897506231
-0.002008244953019894
-0.0020006218192382495
-0.0019929425016528097
-0.0019852070074047046
-0.0019774153458031957
-0.001969567534830109
-0.0019616635977273405
-0.0019537035701047154
-0.0019456874954221592
-0.0019376154361721838
-0.0019294874596054456
-0.0019213036329725956
-0.0019130640235242914
-0.0019047686985111854
-0.0018964177251839253
-0.00188801117079318
-0.0018795491025895901
-0.001871031595231172
-0.0018624587530053321
-0.001853830687606833
-0.001845147510730441
-0.0018364093340709215
-0.001827616269323034
-0.0018187684281815461
-0.0018098659223412172
-0.0018009088634968126
-0.0017918973633431008
-0.001782831533574841
-0.0017737114858867953
-0.0017645373319737309
-0.0017553091835304099
-0.001746027152251596
-0.001736691349832052
-0.0017273018879665441
-0.0017178588783498387
-0.00170836243267669
-0.0016988126626418666
-0.0016892096799401386
-0.0016795535962662613
-0.0016698445233150007
-0.0016600825727811216
-0.0016502678563593816
-0.0016404004857445587
-0.0016304805814439966
-0.0016205082992154414
-0.0016104838036292261
-0.001600407259255686
-0.0015902788306651568
-0.0015800986824279616
-0.0015698669791144458
-0.0015595838852949357
-0.0015492495655397712
-0.0015388641844192859
-0.0015284279065038086
-0.0015179408963636786
-0.001507403318569225
-0.0014968153376907862
-0.0014861771182986892
-0.0014754888249632777
-0.001464750622254877
-0.0014539626747438305
-0.0014431251470004617
-0.0014322382035951119
-0.0014213020090981059
-0.001410316728079792
-0.0013992825251104891
-0.0013881995647605423
-0.0013770680116002808
-0.001365888030200037
-0.0013546597851301506
-0.001343383440960946
-0.001332059162262764
-0.0013206871136059385
-0.0013092674595608002
-0.0012978003646976883
-0.0012862859935869322
-0.0012747245107988677
-0.0012631160809038222
-0.0012514608684721397
-0.0012397590380741545
-0.0012280107542801877
-0.0012162161816605852
-0.0012043754847856788
-0.0011924888282257972
-0.0011805563765512768
-0.0011685782943324575
-0.0011565547461396622
-0.001144485896543234
-0.0011323719101135007
-0.0011202129514208022
-0.001108009185035471
-0.0010957607755278356
-0.0010834678874682348
-0.0010711306854270003
-0.0010587493339744656
-0.0010463239976809702
-0.0010338548411168386
-0.0010213420288524141
-0.001008785725458023
-0.0009961860955040038
-0.0009835433035606921
-0.0009708575141984127
-0.0009581288919875081
-0.000945357610170335
-0.0009325438766773389
-0.0009196879081109859
-0.0009067899210737532
-0.0008938501321681051
-0.0008808687579965166
-0.0008678460151614563
-0.0008547821202653937
-0.0008416772899108003
-0.0008285317407001475
-0.0008153456892358978
-0.0008021193521205322
-0.0007888529459565137
-0.000775546687346319
-0.000762200792892413
-0.0007488154791972673
-0.0007353909628633503
-0.0007219274604931376
-0.0007084251886890923
-0.0006948843640536932
-0.0006813052031894059
-0.0006676879226986991
-0.0006540327391840431
-0.0006403398692479132
-0.0006266095294927771
-0.0006128419365211038
-0.0005990373069353575
-0.0005851958573380217
-0.0005713178043315595
-0.0005574033645184418
-0.0005434527545011361
-0.0005294661908821199
-0.0005154438902638598
-0.0005013860692488215
-0.0004872929444394757
-0.00047316473243830476
-0.0004590016498477714
-0.0004448039132703384
-0.0004305717393084845
-0.00041630534456467633
-0.00040200494564138775
-0.0003876707591410856
-0.00037330300166624176
-0.00035890188981933
-0.00034446764020281263
-0.0003300004694191676
-0.0003155005940708596
-0.0003009682307603637
-0.00028640359609014617
-0.00027180690666267905
-0.00025717837908043376
-0.0002425182299458774
-0.0002278266758614807
-0.00021310393342971945
-0.00019835021925306072
-0.00018356574993396888
-0.0001687507420749235
-0.0001539054122783888
-0.0001390299771468406
-0.00012412465328274223
-0.00010918965728856655
-9.422520576678585e-5
-7.923151531987014e-5
-6.420880255028378e-5
-4.915728406050654e-5
-3.407717645300301e-5
-1.8968696330243532e-5
-3.832060294701144e-6
1.1332515051154578e-5
2.65248131048559e-5
4.174461726393216e-5
5.6991710925909556e-5
7.226587748831808e-5
8.756690034869715e-5
0.00010289456290456115
0.00011824864855345437
0.0001336289406928936
0.0001490352227204142
0.00016446727803354807
0.00017992489002982505
0.00019540784210677134
0.0002109159176619189
0.00022644890009279595
0.00024200657279693273
0.000257588719171859
0.0002731951226151056
0.00028882556652420086
0.0003044798342966747
0.0003201577093300586
0.0003358589750218781
0.00035158341476967145
0.0003673308119709547
0.00038310095002327103
0.0003988936123241409
0.0004147085822711001
0.0004305456432616763
0.00044640457869339904
0.0004622851719637941
0.00047818720647039583
0.0004941104656107352
0.0005100547327823396
0.0005260197913827401
0.0005420054248094618
0.0005580114164600402
0.0005740375497320003
0.0005900836080228759
0.0006061493747301927
0.0006222346332514881
0.0006383391669842798
0.0006544627593261065
0.0006706051936744973
0.0006867662534269807
0.0007029457219810834
0.0007191433827343373
0.0007353590190842714
0.0007515924144284184
0.000767843352164308
0.000784111615689465
0.0008003969884014216
0.0008166992536977114
0.0008330181949758545
0.0008493535956333909
0.00086570523906785
0.0008820729086767519
0.0008984563878576303
0.000914855460008021
0.0009312699085254484
0.000947699516807444
0.0009641440682515352
0.0009806033462552554
0.0009970771342161296
0.001013565215531691
0.001030067373599471
0.0010465833918169931
0.0010631130535817923
0.0010796561422913957
0.0010962124413433328
0.0011127817341351396
0.0011293638040643346
0.0011459584345284556
0.0011625654089250333
0.0011791845106515902
0.0011958155231056645
0.001212458229684777
0.0012291124137864683
0.0012457778588082584
0.0012624543481476783
0.001279141665202265
0.0012958395933695384
0.0013125479160470332
0.0013292664166322829
0.0013459948785228089
0.0013627330851161443
0.0013794808198098253
0.001396237866001372
0.0014130040070883206
0.0014297790264681941
0.0014465627075385314
0.001463354833696852
0.0014801551883406971
0.0014969635548675868
0.0015137797166750535
0.0015306034571606294
0.0015474345597218388
0.001564272807756218
0.0015811179846612954
0.0015979698738345987
0.001614828258673658
0.0016316929225759997
0.001648563648939162
0.001665440221160665
0.0016823224226380426
0.0016992100367688276
0.0017161028469505468
0.0017330006365807293
0.0017499031890569074
0.001766810287776603
0.0017837217161373576
0.001800637257536691
0.0018175566953721406
0.0018344798130412298
0.0018514063939414943
0.001868336221470457
0.0018852690790256556
0.0019022047500046086
0.0019191430178048569
0.0019360836658239245
0.0019530264774593438
0.0019699712361086435
0.001986917725169351
0.002003865728038998
0.0020208150281151144
0.0020377654087952294
0.002054716653476873
0.002071668545557575
0.0020886208684348646
0.002105573405506276
0.0021225259401693314
0.0021394782558215664
0.0021564301358605034
0.002173381363683681
0.002190331722688622
0.0022072809962728587
0.0022242289678339228
0.002241175420769345
0.002258120138476648
0.002275062904353373
0.0022920035017970353
0.002308941714205171
0.002325877324975314
0.0023428101175049913
0.002359739875191733
0.0023766663814330643
0.002393589419626519
0.0024105087731696286
0.002427424225459922
0.002444335559894923
0.0024612425598721697
0.0024781450087891827
0.0024950426900434996
0.0025119353870326493
0.002528822883154158
0.0025457049618055555
0.002562581406384373
0.0025794520002881435
0.002596316526914394
0.002613174769660648
0.0026300265119244444
0.0026468715371033105
0.0026637096285947754
0.002680540569796368
0.002697364144105615
0.002714180134920049
0.002730988325637204
0.002747788499654606
0.0027645804403697775
0.0027813639311802655
0.0027981387554835806
0.0028149046966772662
0.002831661538158851
0.002848409063325855
0.0028651470555758137
0.0028818752983062602
0.0028985935749147184
0.0029153016687987247
0.0029319993633557997
0.002948686441983478
0.002965362688079292
0.00298202788504077
0.0029986818162654394
0.003015324265150829
0.0030319550150944732
0.003048573849493898
0.003065180551746634
0.0030817749052502166
0.003098356693402161
0.0031149256996000113
0.0031314817072412918
0.0031480244997235314
0.003164553860444257
0.0031810695728010075
0.0031975714201913064
0.003214059186012683
0.0032305326536626686
0.0032469916065387913
0.0032634358280385855
0.003279865101559569
0.003296279210499289
0.0033126779382552625
0.003329061068225026
0.0033454283838061033
0.003361779668396026
0.0033781147053923277
0.0033944332781925316
0.003410735170194172
0.003427020164794778
0.003443288045391878
0.0034595385953830045
0.0034757715981656853
0.003491986837137448
0.0035081840956958264
0.0035243631572383486
0.0035405238051625446
0.0035566658228659374
0.0035727889937460693
0.0035888931012004583
0.003604977928626645
0.00362104325942215
0.003637088876984508
0.0036531145647112472
0.003669120105999898
0.0036851052842479873
0.0037010698828530476
0.0037170136852126058
0.003732936474724197
0.0037488380347853456
0.003764718148793584
0.003780576600146439
0.0037964131722414475
0.0038122276459161067
0.0038280197917677917
0.003843789377833868
0.0038595361721516824
0.0038752599427585976
0.003890960457691965
0.0039066374849891315
0.003922290792687465
0.003937920148824308
0.003953525321437024
0.003969106078562969
0.003984662188239481
0.00400019341850393
0.0040156995373936705
0.004031180312946047
0.004046635513198427
0.004062064906188155
0.004077468259952586
0.004092845342529081
0.004108195921954986
0.004123519766267663
0.004138816643504467
0.004154086321702748
0.004169328568899863
0.004184543153133162
0.004199729842440004
0.004214888404857746
0.004230018608423735
0.004245120221175331
0.0042601930111498916
0.004275236746384762
0.004290251194917305
0.004305236124784869
0.004320191304024817
0.00433511650067449
0.00435001148277126
0.004364876018352463
0.00437970987545547
0.0043945128221176254
0.004409284626376284
0.004424025073482115
0.004438734017539004
0.004453411329864154
0.004468056881774757
0.004482670544588018
0.004497252189621137
0.004511801688191304
0.004526318911615727
0.004540803731211603
0.0045552560182961326
0.00456967564418651
0.004584062480199935
0.004598416397653608
0.004612737267864728
0.004627024962150499
0.0046412793518281065
0.004655500308214763
0.00466968770262766
0.004683841406384001
0.004697961290800979
0.004712047227195799
0.004726099086885656
0.004740116741187753
0.004754100061419287
0.004768048918897452
0.004781963184939453
0.004795842730862489
0.004809687427983758
0.0048234971476204536
0.004837271761089782
0.004851011139708938
0.004864715154795125
0.004878383677665539
0.004892016579637375
0.004905613732027837
0.0049191750061541245
0.004932700273333436
0.004946189404882966
0.004959642272119918
0.004973058754804572
0.004986438766469512
0.004999782229090423
0.005013089064642972
0.005026359195102836
0.005039592542445685
0.005052789028647192
0.005065948575683029
0.005079071105528876
0.005092156540160401
0.0051052048015532755
0.005118215811683178
0.005131189492525779
0.005144125766056751
0.005157024554251771
0.005169885779086506
0.00518270936253664
0.00519549522657783
0.005208243293185767
0.0052209534843361115
0.005233625722004539
0.005246259928166727
0.0052588560247983475
0.005271413933875074
0.005283933577372576
0.005296414877266527
0.005308857755532605
0.005321262134146481
0.005333627935083826
0.005345955080320323
0.005358243491831629
0.005370493091593429
0.005382703801581392
0.005394875543771197
0.005407008240138507
0.005419101818033602
0.005431156226305136
0.005443171419176357
0.005455147350870528
0.005467083975610897
0.005478981247620722
0.00549083912112326
0.005502657550341754
0.00551443648949947
0.005526175892819656
0.00553787571452557
0.005549535908840461
0.005561156429987583
0.005572737232190194
0.005584278269671552
0.005595779496654902
0.005607240867363505
0.005618662336020607
0.005630043856849477
0.00564138538407335
0.005652686871915499
0.00566394827459916
0.005675169546347603
0.0056863506413840775
0.005697491513931825
0.0057085921182141175
0.005719652408454203
0.0057306723388753315
0.005741651863700765
0.005752590937153749
0.005763489516475559
0.0057743475709795475
0.005785165072997074
0.005795941994859507
0.005806678308898212
0.005817373987444557
0.005828029002829905
0.005838643327385626
0.005849216933443081
0.0058597497933336445
0.0058702418793886695
0.005880693163939532
0.0058911036193175954
0.005901473217854229
0.0059118019318807925
0.005922089733728656
0.005932336595729181
0.00594254249021374
0.005952707389513696
0.00596283126596042
0.005972914091885268
0.00598295583961961
0.005992956481494815
0.006002915989842248
0.00601283433699327
0.006022711495279257
0.006032547437031569
0.006042342134581567
0.006052095560260628
0.0060618076864001075
0.006071478487484338
0.006081107946609439
0.0060906960490245245
0.006100242779978664
0.006109748124720963
0.006119212068500509
0.006128634596566393
0.006138015694167706
0.006147355346553543
0.0061566535389729875
0.006165910256675135
0.006175125484909083
0.006184299208923916
0.006193431413968732
0.006202522085292615
0.0062115712081446586
0.006220578769556713
0.006229544763691659
0.00623846918649514
0.006247352033912794
0.006256193301890264
0.006264992986373182
0.006273751083307199
0.0062824675886379525
0.006291142499833424
0.006299775820450989
0.006308367555570363
0.00631691771027126
0.006325426289633407
0.00633389330004595
0.006342318753135807
0.00635070266297034
0.00635904504814102
0.006367345928370317
0.006375605323380716
0.00638382325289468
0.006391999736634707
0.006400134794323258
0.006408228445682823
0.006416280710435875
0.006424291608304893
0.006432261159012359
0.0064401893822807425
0.006448076297832527
0.006455921925390197
0.006463726284676214
0.006471489395413069
0.006479211277323246
0.006486891950129208
0.006494531433553438
0.006502129747318421
0.006509686911146627
0.006517202944760544
0.006524677867882637
0.006532111700235394
0.006539504461541293
0.006546856171522805
0.006554166849902414
0.006561436516402596
0.006568665190745835
0.006575852892654603
0.006582999641851377
0.006590105458058637
0.006597170360998866
0.006604194370394535
0.00661117750596813
0.006618119787442119
0.00662502123453899
0.0066318818669812134
0.006638701704491273
0.0066454807667916515
0.006652219073604815
0.006658916644653245
0.006665573499659426
0.006672189658345837
0.006678765140434943
0.006685299965649236
0.006691794153711187
0.006698247724343279
0.006704660697267986
0.006711033092207792
0.006717364928885163
0.006723656227022589
0.006729907006342543
0.006736117286567507
0.006742287087419953
0.006748416428622367
0.0067545053298972285
0.006760553810616118
0.006766561888747091
0.006772529581907301
0.006778456907713913
0.006784343883784091
0.006790190527734991
0.006795996857183769
0.006801762889747595
0.006807488643043625
0.006813174134689015
0.006818819382300931
0.00682442440349653
0.006829989215892979
0.006835513837107425
0.00684099828475704
0.006846442576458986
0.006851846729830414
0.00685721076248849
0.006862534692050371
0.0068678185361332154
0.006873062312354198
0.00687826603833046
0.006883429731679174
0.006888553410017496
0.006893637090962589
0.006898680792131608
0.006903684531141719
0.0069086483256100804
0.00691357219315385
0.006918456151390194
0.006923300217936268
0.00692810441040923
0.006932868746426251
0.0069375932436044774
0.006942277919561084
0.006946922791913215
0.006951527878278045
0.006956093196272731
0.006960618763514427
0.006965104597620294
0.006969550716207506
0.006973957136893206
0.0069783238772945615
0.006982650955028736
0.006986938387712884
0.006991186192964169
0.00699539438839975
0.00699956299163679
0.007003692020292452
0.007007781491983884
0.00701183142432826
0.007015841834942734
0.007019812741444465
0.007023744161450616
0.00702763611257835
0.007031488612444822
0.007035301678667193
0.007039075328862628
0.007042809580648281
0.0070465044516413175
0.007050159959458897
0.007053776121718177
0.007057352956036321
0.007060890480030486
0.007064388711317834
0.007067847667515528
0.007071267366240726
0.007074647825110584
0.007077989061742274
0.007081291093752946
0.00708455393875976
0.007087777614379886
0.007090962138230482
0.007094107527928694
0.0070972138010916945
0.007100280975336646
0.0071033090682807035
0.007106298097541034
0.0071092480807347855
0.007112159035479132
0.007115030979391222
0.007117863930088227
0.007120657905187296
0.007123412922305601
0.007126128999060289
0.007128806153068537
0.00713144440194749
0.007134043763314317
0.007136604254786172
0.007139125893980219
0.007141608698513633
0.0071440526860035445
0.0071464578740671365
0.007148824280321555
0.007151151922383974
0.007153440817871549
0.007155690984401432
0.007157902439590797
0.007160075201056795
0.007162209286416589
0.0071643047132873405
0.007166361499286204
0.0071683796620303514
0.007170359219136931
0.007172300188223107
0.007174202586906046
0.007176066432802899
0.007177891743530835
0.007179678536707005
0.0071814268299485754
0.007183136640872707
0.007184807987096562
0.007186440886237291
0.007188035355342374
0.007189591409180483
0.007191109061950607
0.007192588327851736
0.007194029221082859
0.007195431755842974
0.007196795946331054
0.007198121806746097
0.007199409351287083
0.007200658594153011
0.007201869549542861
0.0072030422316556285
0.007204176654690292
0.007205272832845852
0.007206330780321287
0.007207350511315599
0.00720833204002776
0.00720927538065676
0.007210180547401605
0.00721104755446126
0.0072118764160347265
0.007212667146320997
0.007213419759519052
0.007214134269827883
0.007214810691446476
0.007215449038573823
0.007216049325408912
0.007216611566150725
0.007217135774998255
0.007217621966150493
0.007218070153806425
0.007218480352165041
0.007218852575425328
0.007219186837786273
0.007219483153446872
0.007219741536606096
0.0072199620014629555
0.007220144562216422
0.007220289233065492
0.007220396028209158
0.007220464961846393
0.007220496048176197
0.007220489301397565
0.007220444735709467
0.007220362365310913
0.0072202422044008695
0.007220084267178338
0.007219888567842302
0.0072196551205917624
0.007219383939625689
0.007219075039143083
0.007218728433342925
0.007218344136424207
0.007217922162585922
0.0072174625260270475
0.007216965240946586
0.007216430321543513
0.007215857782016827
0.007215247636565511
0.007214599899388548
0.007213914584684939
0.007213191706653663
0.007212431279493711
0.007211633317404071
0.007210797834583739
0.007209924845231691
0.007209014363546925
0.007208066403728422
0.007207080979975178
0.007206058106486177
0.007204997797460408
0.0072039000670968585
0.007202764929594518
0.007201592399152376
0.007200382489969417
0.007199135216244632
0.007197850592177018
0.007196528631965549
0.00719516934980922
0.007193772759907019
0.007192338876457937
0.007190867713660961
0.0071893592857150725
0.0071878136068192705
0.0071862306911725325
0.007184610552973862
0.007182953206422239
0.007181258665716648
0.007179526945056079
0.007177758058639522
0.007175952020665973
0.007174108845334412
0.007172228546843821
0.007170311139393206
0.007168356637181542
0.007166365054407823
0.0071643364052710315
0.007162270703970168
0.007160167964704203
0.007158028201672143
0.007155851429072966
0.007153637661105663
0.007151386911969216
0.007149099195862627
0.007146774526984883
0.007144412919534956
0.007142014387711851
0.0071395789457145515
0.00713710660774204
0.007134597387993314
0.007132051300667363
0.007129468359963158
0.007126848580079705
0.007124191975215991
0.0071214985595709985
0.007118768347343715
0.007116001352733138
0.007113197589938244
0.007110357073158033
0.0071074798165914905
0.007104565834437594
0.007101615140895347
0.007098627750163728
0.0070956036764417306
0.007092542933928341
0.00708944553682255
0.0070863114993233375
0.007083140835629704
0.007079933559940637
0.0070766896864551156
0.007073409229372133
0.007070092202890673
0.007066738621209738
0.007063348498528296
0.007059921849045357
0.007056458686959897
0.007052959026470905
0.0070494228817773764
0.007045850267078286
0.007042241196572634
0.0070385956844594075
0.007034913744937591
0.007031195392206174
0.007027440640464146
0.007023649503910493
0.007019821996744211
0.007015958133164283
0.007012057927369699
0.007008121393559434
0.007004148545932501
0.007000139398687866
0.006996093966024538
0.006992012262141489
0.006987894301237715
0.006983740097512203
0.006979549665163938
0.006975323018391912
0.006971060171395112
0.006966761138372534
0.006962425933523154
0.006958054571045969
0.006953647065139965
0.006949203430004125
0.006944723679837448
0.006940207828838915
0.006935655891207522
0.006931067881142245
0.006926443812842086
0.006921783700506024
0.006917087558333047
0.006912355400522149
0.0069075872412723135
0.006902783094782538
0.006897942975251801
0.006893066896879095
0.006888154873863408
0.006883206920403732
0.006878223050699049
0.00687320327894835
0.006868147619350625
0.006863056086104857
0.006857928693410044
0.006852765457285666
0.006847566401033222
0.006842331549774698
0.006837060928632077
0.006831754562727366
0.006826412477182546
0.006821034697119617
0.00681562124766055
0.006810172153927357
0.006804687441042023
0.006799167134126536
0.00679361125830289
0.006788019838693073
0.0067823929004190795
0.006776730468602893
0.00677103256836651
0.006765299224831935
0.006759530463121134
0.006753726308356113
0.006747886785658857
0.0067420119201513605
0.006736101736955618
0.00673015626119362
0.006724175517987343
0.0067181595324587945
0.006712108329729968
0.006706021934922831
0.0066999003731594
0.006693743669561658
0.006687551849251594
0.006681324937351189
0.006675062958982453
0.0066687659392673645
0.006662433903327918
0.006656066876286115
0.006649664883263932
0.0066432279493833625
0.0066367560997663945
0.00663024935953503
0.00662370775381125
0.006617131307717058
0.006610520046374433
0.006603873994905367
0.006597193178431852
0.006590477622075885
0.006583727350959447
0.006576942390204544
0.006570122764933153
0.006563268500267268
0.006556379621328887
0.006549456153239995
0.006542498121122582
0.006535505550098641
0.006528478465290167
0.006521416891819138
0.006514320854807568
0.006507190379377423
0.006500025490650714
0.006492826213749415
0.006485592573795535
0.006478324595911045
0.006471022305217949
0.006463685726838242
0.006456314885893899
0.006448909807506928
0.006441470516799308
0.006433997038893038
0.006426489398910098
0.0064189476219725
0.006411371733202217
0.006403761757721239
0.006396117720651575
0.006388439647115192
0.006380727562234097
0.006372981491130272
0.006365201458925719
0.006357387490742426
0.0063495396117023775
0.006341657846927567
0.006333742221539982
0.0063257927606616285
0.006317809489414481
0.00630979243292054
0.006301741616301791
0.006293657064680227
0.006285538803177839
0.00627738685691662
0.006269201251018557
0.006260982010605651
0.006252729160799875
0.006244442726723239
0.006236122733497721
0.006227769206245317
0.00621938217008802
0.006210961650147818
0.006202507671546702
0.006194020259406662
0.006185499438849692
0.006176945234997787
0.006168357672972925
0.006159736777897109
0.006151082574892325
0.006142395089080562
0.006133674345583821
0.006124920369524083
0.00611613318602334
0.006107312820203587
0.006098459297186809
0.006089572642095014
0.006080652880050168
0.006071700036174283
0.006062714135589335
0.006053695203417326
0.006044643264780237
0.006035558344800065
0.0060264404685988005
0.0060172896612984365
0.006008105948020958
0.005998889353888366
0.005989639904022643
0.005980357623545781
0.005971042537579782
0.00596169467124662
0.005952314049668291
0.005942900697966797
0.0059334546412641185
0.005923975904682243
0.005914464513343171
0.005904920492368893
0.005895343866881393
0.005885734662002669
0.0058760929028547045
0.005866418614559504
0.00585671182223904
0.00584697255101532
0.00583720082601032
0.0058273966723460515
0.005817560115144484
0.005807691179527619
0.005797789890617452
0.005787856273535963
0.005777890353405152
0.005767892155347007
0.005757861704483513
0.005747799025936666
0.005737704144828462
0.0057275770862808845
0.005717417875415934
0.005707226537355588
0.005697003097221852
0.0056867475801367015
0.005676460011222143
0.005666140415600157
0.005655788818392737
0.005645405244721881
0.005634989719709564
0.0056245422684778
0.005614062916148555
0.005603551687843842
0.005593008608685633
0.005582433703795935
0.005571826998296735
0.0055611885173100116
0.00555051828595777
0.0055398163293619955
0.005529082672644678
0.005518317340927818
0.0055075203593333965
0.005496691752983403
0.0054858315469998396
0.005474939766504691
0.005464016436619944
0.005453061582467599
0.005442075229169634
0.00543105740184805
0.005420008125624842
0.005408927425621981
0.005397815326961486
0.005386671854765333
0.0053754970341555065
0.005364290892386403
0.0053530534652420185
0.005341784790638724
0.005330484906492913
0.005319153850720975
0.005307791661239287
0.005296398375964238
0.0052849740328122135
0.005273518669699595
0.005262032324542778
0.0052505150352581435
0.005238966839762079
0.005227387775970962
0.005215777881801189
0.00520413719516913
0.0051924657539912005
0.00518076359618376
0.005169030759663195
0.005157267282345901
0.005145473202148267
0.005133648556986666
0.005121793384777494
0.0051099077234371265
0.005097991610881959
0.005086045085028374
0.005074068183792759
0.005062060945091493
0.005050023406840965
0.0050379556069575695
0.005025857583357676
0.0050137293739576875
0.005001571016673977
0.004989382549422939
0.004977164010120948
0.004964915436684399
0.004952636867029675
0.004940328339073158
0.004927989890731246
0.0049156215599203065
0.004903223384556742
0.004890795402556931
0.004878337651837257
0.004865850170314108
0.004853332995903868
0.004840786166522924
0.004828209720087663
0.004815603694514475
0.004802968127719739
0.004790303057619842
0.004777608522131169
0.004764884559170112
0.004752131206653036
0.004739348502496354
0.004726536484616439
0.004713695190929675
0.004700824659352454
0.004687924927801159
0.004674996034192171
0.004662038016441881
0.004649050912466673
0.00463603476018293
0.004622989597507048
0.004609915462355399
0.0045968123926443775
0.0045836804262903656
0.004570519601209758
0.004557329955318921
0.004544111526534255
0.004530864352772146
0.004517588471948974
0.004504283921981126
0.004490950740784997
0.004477588968010009
0.0044641986502378175
0.004450779835783123
0.004437332572960628
0.004423856910085023
0.004410352895471018
0.004396820577433312
0.004383260004286588
0.004369671224345579
0.004356054285924957
0.004342409237339428
0.004328736126903693
0.004315035002932456
0.004301305913740415
0.004287548907642269
0.004273764032952712
0.004259951337986448
0.0042461108710581934
0.0042322426804826205
0.004218346814574448
0.00420442332164837
0.004190472250019079
0.004176493648001282
0.004162487563909684
0.004148454046058977
0.004134393142763863
0.004120304902339043
0.004106189373099217
0.00409204660335908
0.004077876641433335
0.004063679535636692
0.004049455334283829
0.00403520408568947
0.004020925838168291
0.004006620640035024
0.003992288539604335
0.003977929585190941
0.0039635438251095344
0.003949131307674819
0.003934692081201499
0.003920226194004269
0.0039057336943978315
0.003891214632108956
0.003876669062512675
0.0038620970423961128
0.00384749862854636
0.0038328738777505477
0.003818222846795765
0.0038035455924691343
0.0037888421715577612
0.0037741126408487565
0.003759357057129235
0.0037445754771862944
0.0037297679578070487
0.0037149345557786102
0.0037000753278880827
0.0036851903309225833
0.0036702796216692233
0.0036553432569151048
0.0036403812934473418
0.0036253937880530397
0.0036103807975193117
0.0035953423791113565
0.0035802785920067224
0.0035651894958610856
0.003550075150330072
0.0035349356150693317
0.0035197709497345178
0.003504581213981277
0.0034893664674652625
0.003474126769842119
0.003458862180853183
0.003443572760582452
0.0034282585691996484
0.003412919666874451
0.003397556113776557
0.003382167970075683
0.003366755295941515
0.003351318151543739
0.0033358565970520683
0.0033203706926362006
0.0033048604983868723
0.003289326074079034
0.003273767479408684
0.003258184774071823
0.003242578017764442
0.0032269472701825517
0.00321129259102213
0.0031956140399791843
0.0031799116767497115
0.0031641855610297165
0.0031484357525151784
0.0031326623107641293
0.0031168652947826444
0.0031010447634388537
0.0030852007756008567
0.003069333390136775
0.003053442665914708
0.00303752866180277
0.003021591436669074
0.003005631049381726
0.002989647558808846
0.0029736410236705473
0.0029576115020949834
0.002941559052062298
0.0029254837315526696
0.00290938559854624
0.002893264711023167
0.0028771211269636157
0.0028609549043477466
0.0028447661011556944
0.0028285547753676464
0.0028123209849637365
0.0027960647879241287
0.002779786242228987
0.002763485405858462
0.002747162336792716
0.0027308170930119063
0.0027144497324961816
0.0026980603132256984
0.0026816488931806267
0.002665215530341122
0.0026487602826873336
0.0026322832081994204
0.0026157843648575456
0.0025992638106418523
0.0025827216035325187
0.002566157801509681
0.002549572462553511
0.002532965644644159
0.0025163374057617875
0.002499687803886554
0.002483016896998606
0.002466324743078112
0.002449611400105226
0.002432876926060104
0.002416121378922894
0.002399344816673768
0.0023825472972928783
0.002365728878760383
0.0023488896190564414
0.002332029576161203
0.002315148808054831
0.0022982473727174747
0.002281325328129311
0.002264382732270474
0.002247419643121129
0.002230436118661446
0.00221343221687156
0.0021964079957316474
0.00217936351322186
0.002162298827322341
0.0021452139960132727
0.002128109077274787
0.002110984129087055
0.0020938392094302337
0.002076674376284486
0.002059489687629956
0.00204228520144681
0.0020250609757152087
0.0020078170684152876
0.0019905535375272345
0.001973270441031184
0.001955967836907298
0.0019386457831357482
0.001921304337696668
0.0019039435585702308
0.0018865635037365923
0.0018691642311759009
0.0018517457988683284
0.0018343082647940242
0.0018168516869331436
0.0017993761232658455
0.0017818816317722915
0.0017643682704326282
0.0017468360972270171
0.0017292851701356292
0.0017117155471386043
0.001694127286216104
0.0016765204453482877
0.001658895082515324
0.0016412512556973494
0.0016235890228745269
0.0016059084420270214
0.001588209571134984
0.001570492468178572
0.0015527571911379528
0.0015350037979932687
0.001517232346724677
0.0014994428953123582
0.001481635501736446
0.0014638102239770984
0.0014459671200144873
0.0014281062478287594
0.0014102276654000719
0.0013923314307085948
0.001374417601734455
0.0013564862364578443
0.0013385373928588963
0.0013205711289177866
0.0013025875026146626
0.001284586571929671
0.0012665683948429943
0.0012485330293347764
0.0012304805333851632
0.0012124109649743328
0.0011943243820824248
0.0011762208426896103
0.0011581004047760317
0.0011399631263218591
0.0011218090653072445
0.001103638279712345
0.0010854508275173229
0.0010672467667023336
0.0010490261552475325
0.001030789051133069
0.0010125355123391166
0.000994265596845817
0.000975979362633341
0.0009576768676818346
0.00093935816997146
0.0009210233274823771
0.0009026723981947387
0.0008843054400887
0.0008659225111444279
0.000847523669342075
0.0008291089726617925
0.0008106784790837436
0.0007922322465880897
0.0007737703331549758
0.0007552927967645687
0.0007367996953970236
0.000718291087032503
0.0006997670296511544
0.0006812275812331375
0.0006626727997586113
0.0006441027432077277
0.0006255174695606646
0.0006069170367975539
0.0005883015028985607
0.0005696709258438508
0.0005510253636135682
0.0005323648741878831
0.0005136895155469553
0.0004949993456709141
0.0004762944225399513
0.000457574804134199
0.00043884054843382984
0.0004200917134189906
0.0004013283570698505
0.00038255053736655636
0.0003637583122892722
0.0003449517398181534
0.000326130877933351
0.0003072957846150309
0.00028844651784334756
0.00026958313559845813
0.000250705695860518
0.0002318142566096826
0.00021290887582611166
0.00019398961148996488
0.00017505652158139595
0.00015610966408057328
0.00013714909696764099
0.00011817487822275794
9.918706582608561e-5
8.018571775777594e-5
6.11708919979869e-5
4.214264652688e-5
2.310103932462275e-5
4.0461283713445415e-6
-1.5022028352774074e-5
-3.410337286758897e-5
-5.319784719291787e-5
-7.2305393348647e-5
-9.142595335458019e-5
-0.0001105594692305794
-0.0001297058829964814
-0.00014886513667213518
-0.00016803717227737488
-0.00018722193183204165
-0.0002064193573559879
-0.00022562939086906257
-0.0002448519743910851
-0.00026408704994190443
-0.000283334559541386
-0.0003025944452093353
-0.0003218666489656309
-0.0003411511128301025
-0.0003604477788225896
-0.0003797565889629333
-0.0003990774852709808
-0.00041841040976656977
-0.00043775530446954914
-0.0004571121113997583
-0.0004764807725770419
-0.0004958612300212419
-0.0005152534257522046
-0.0005346573017897616
-0.0005540728001537628
-0.0005734998628640518
-0.0005929384319404759
-0.0006123884494028597
-0.0006318498572710704
-0.00065132259756493
-0.0006708066123043014
-0.0006903018435090048
-0.0007098082331988961
-0.0007293257233938304
-0.0007488542561136236
-0.0007683937733781315
-0.000787944217207198
-0.0008075055296206685
-0.000827077652638372
-0.0008466605282801687
-0.0008662540985658858
-0.000885858305515381
-0.0009054730911484902
-0.0009250983974850458
-0.0009447341665449133
-0.0009643803403479086
-0.0009840368609138972
-0.0010037036702627115
-0.0010233807104141962
-0.0010430679233881914
-0.0010627652512045383
-0.0010824726358830833
-0.0011021900194436796
-0.0011219173439061553
-0.0011416545512903525
-0.0011614015836161218
-0.001181158382903301
-0.0012009248911717405
-0.001220701050441259
-0.0012404868027317368
-0.0012602820900629837
-0.0012800868544548677
-0.0012999010379272126
-0.0013197245824998734
-0.00133955743019268
-0.001359399523025483
-0.001379250803018134
-0.0013991112121904698
-0.001418980692562315
-0.0014388591861535377
-0.0014587466349839677
-0.0014786429810734504
-0.0014985481664418262
-0.0015184621331089353
-0.0015383848230946327
-0.0015583161784187552
-0.001578256141101143
-0.0015982046531616383
-0.0016181616566200829
-0.0016381270934963188
-0.001658100905810203
-0.0016780830355815632
-0.0016980734248302426
-0.0017180720155760944
-0.001738078749838945
-0.0017580935696386519
-0.001778116416995045
-0.0017981472339279863
-0.001818185962457297
-0.0018382325446028285
-0.001858286922384436
-0.0018783490378219362
-0.0018984188329352007
-0.0019184962497440523
-0.0019385812302683417
-0.001958673716527903
-0.001978773650542589
-0.001998880974332238
-0.0020189956299166882
-0.0020391175593157977
-0.0020592467045493917
-0.0020793830076373193
-0.002099526410599433
-0.0021196768554555597
-0.0021398342842255556
-0.0021599986389292513
-0.002180169861586489
-0.0022003478942171284
-0.0022205326788410024
-0.002240724157477945
-0.0022609222721478054
-0.0022811269648704445
-0.0023013381776656617
-0.0023215558525533477
-0.002341779931553316
-0.0023620103566854194
-0.0023822470699695003
-0.002402490013425392
-0.0024227391290729565
-0.0024429943589320043
-0.0024632556450224184
-0.00248352292936402
-0.0025037961539766413
-0.0025240752608801592
-0.002544360192094368
-0.0025646508896391453
-0.0025849472955343294
-0.0026052493517997643
-0.0026255570004552822
-0.002645870183520722
-0.0026661888430159573
-0.0026865129209607905
-0.0027068423593750923
-0.002727177100278687
-0.0027475170856914345
-0.002767862257633167
-0.002788212558123734
-0.0028085679291829663
-0.0028289283128307245
-0.0028492936510868356
-0.002869663885971145
-0.002890038959503501
-0.0029104188137037412
-0.002930803390591711
-0.002951192632187259
-0.0029715864805102228
-0.002991984877580429
-0.003012387765417751
-0.0030327950860420125
-0.0030532067814730505
-0.003073622793730719
-0.003094043064834879
-0.003114467536805326
-0.0031348961516619433
-0.0031553288514245643
-0.0031757655781130215
-0.0031962062737471604
-0.0032166508803468316
-0.0032370993399318676
-0.003257551594522126
-0.0032780075861374366
-0.003298467256797637
-0.0033189305485225888
-0.003339397403332116
-0.0033598677632460756
-0.003380341570284308
-0.003400818766466647
-0.003421299293812941
-0.003441783094343038
-0.0034622701100767758
-0.0034827602830339935
-0.0035032535552345333
-0.0035237498686982458
-0.0035442491654449713
-0.003564751387494551
-0.0035852564768668197
-0.003605764375581631
-0.0036262750256588283
-0.0036467883691182522
-0.003667304347979743
-0.0036878229042631395
-0.0037083439799882965
-0.003728867517175034
-0.0037493934578432366
-0.0037699217440126925
-0.003790452317703288
-0.003810985120934843
-0.0038315200957272193
-0.0038520571841002384
-0.0038725963280737555
-0.003893137469667603
-0.0039136805509016395
-0.003934225513795705
-0.00395477230036962
-0.003975320852643261
-0.0039958711126364425
-0.004016423022369022
-0.004036976523860842
-0.004057531559131726
-0.004078088070201542
-0.004098645999090133
-0.004119205287817318
-0.004139765878402965
-0.004160327712866898
-0.004180890733228975
-0.00420145488150902
-0.004222020099726888
-0.004242586329902429
-0.004263153514055464
-0.004283721594205861
-0.004304290512373443
-0.004324860210578066
-0.004345430630839563
-0.004366001715177778
-0.004386573405612561
-0.004407145644163749
-0.004427718372851186
-0.004448291533694713
-0.004468865068714173
-0.00448943891992942
-0.004510013029360275
-0.0045305873390265984
-0.004551161790948224
-0.004571736327144995
-0.004592310889636764
-0.004612885420443364
-0.00463345986158464
-0.004654034155080435
-0.004674608242950593
-0.004695182067214953
-0.004715755569893357
-0.004736328693005648
-0.004756901378571677
-0.0047774735686112926
-0.004798045205144305
-0.0048186162301906066
-0.004839186585769988
-0.004859756213902314
-0.0048803250566074406
-0.004900893055905194
-0.004921460153815429
-0.004942026292357971
-0.004962591413552677
-0.004983155459419387
-0.0050037183719779344
-0.005024280093248169
-0.005044840565249946
-0.005065399730003093
-0.005085957529527465
-0.0051065139058428825
-0.005127068800969211
-0.005147622156926271
-0.00516817391573393
-0.005188724019412019
-0.0052092724099803735
-0.005229819029458849
-0.005250363819867273
-0.005270906723225514
-0.005291447681553391
-0.005311986636870744
-0.0053325235311974415
-0.005353058306553306
-0.005373590904958179
-0.005394121268431911
-0.005414649338994355
-0.005435175058665331
-0.005455698369464688
-0.005476219213412284
-0.005496737532527952
-0.005517253268831533
-0.005537766364342863
-0.00555827676108179
-0.005578784401068153
-0.005599289226321819
-0.005619791178862614
-0.005640290200710361
-0.005660786233884933
-0.005681279220406161
-0.005701769102293883
-0.005722255821567949
-0.005742739320248188
-0.005763219540354464
-0.005783696423906606
-0.005804169912924466
-0.005824639949427874
-0.005845106475436686
-0.005865569432970727
-0.0058860287640498605
-0.005906484410693914
-0.005926936314922731
-0.005947384418756173
-0.0059678286642140576
-0.0059882689933162475
-0.006008705348082567
-0.006029137670532877
-0.006049565902687004
-0.006069989986564818
-0.0060904098641861165
-0.006110825477570786
-0.006131236768738631
-0.006151643679709531
-0.006172046152503311
-0.0061924441291398135
-0.006212837551638884
-0.006233226362020361
-0.006253610502304088
-0.006273989914509915
-0.006294364540657678
-0.006314734322767212
-0.006335099202858377
-0.0063554591229510165
-0.0063758140250649515
-0.0063961638512200405
-0.0064165085434361325
-0.0064368480437330365
-0.0064571822941306405
-0.006477511236648772
-0.006497834813307253
-0.0065181529661259546
-0.006538465637124688
-0.006558772768323337
-0.006579074301741712
-0.006599370179399665
-0.006619660343317042
-0.006639944735513672
-0.006660223298009418
-0.006680495972824116
-0.0067007627019775974
-0.006721023427489718
-0.0067412780913803155
-0.0067615266356692355
-0.006781769002376322
-0.006802005133521408
-0.006822234971124346
-0.006842458457204977
-0.006862675533783129
-0.006882886142878681
-0.006903090226511438
-0.006923287726701254
-0.0069434785854679834
-0.006963662744831456
-0.006983840146811513
-0.007004010733428013
-0.007024174446700786
-0.00704433122864968
-0.007064481021294538
-0.00708462376665519
-0.007104759406751491
-0.007124887883603288
-0.007145009139230406
-0.007165123115652717
-0.007185229754890029
-0.0072053289989622085
-0.00722542078988909
-0.007245505069690513
-0.007265581780386342
-0.007285650863996384
-0.007305712262540505
-0.007325765918038549
-0.007345811772510351
-0.007365849767975752
-0.007385879846454602
-0.00740590194996673
-0.007425916020531997
-0.007445922000170225
-0.007465919830901286
-0.007485909454744995
-0.007505890813721215
-0.007525863849849776
-0.007545828505150522
-0.007565784721643292
-0.007585732441347948
-0.007605671606284308
-0.007625602158472236
-0.007645524039931546
-0.007665437192682118
-0.007685341558743767
-0.007705237080136352
-0.007725123698879697
-0.007745001356993663
-0.007764869996498085
-0.007784729559412814
-0.007804579987757673
-0.00782442122355253
-0.007844253208817197
-0.007864075885571553
-0.007883889195835419
-0.00790369308162863
-0.007923487484971056
-0.007943272347882523
-0.007963047612382852
-0.007982813220491923
-0.008002569114229564
-0.00802231523561562
-0.008042051526669924
-0.008061777929412331
-0.008081494385862675
-0.008101200838040806
-0.00812089722796656
-0.008140583497659785
-0.008160259589140326
-0.00817992544442802
-0.008199581005542706
-0.008219226214504232
-0.008238861013332446
-0.008258485344047188
-0.008278099148668295
-0.008297702369215612
-0.008317294947708977
-0.008336876826168248
-0.008356447946613249
-0.00837600825106384
-0.008395557681539833
-0.008415096180061114
-0.008434623688647506
-0.008454140149318841
-0.008473645504094983
-0.008493139694995759
-0.008512622664041021
-0.008532094353250584
-0.008551554704644328
-0.008571003660242084
-0.008590441162063688
-0.008609867152128988
-0.008629281572457835
-0.008648684365070047
-0.008668075471985486
-0.008687454835224002
-0.008706822396805407
-0.008726178098749572
-0.008745521883076332
-0.008764853691805529
-0.008784173466956997
-0.008803481150550595
-0.008822776684606157
-0.008842060011143526
-0.008861331072182541
-0.008880589809743052
-0.008899836165844896
-0.008919070082507922
-0.008938291501751957
-0.00895750036559688
-0.008976696616062489
-0.008995880195168653
-0.009015051044935215
-0.009034209107382004
-0.009053354324528879
-0.009072486638395653
-0.00909160599100221
-0.009110712324368365
-0.009129805580513978
-0.009148885701458869
-0.0091679526292229
-0.009187006305825904
-0.009206046673287737
-0.00922507367362822
-0.009244087248867213
-0.00926308734102455
-0.009282073892120084
-0.009301046844173651
-0.00932000613920509
-0.009338951719234248
-0.009357883526280971
-0.009376801502365088
-0.009395705589506455
-0.009414595729724912
-0.009433471865040304
-0.009452333937472468
-0.009471181889041242
-0.009490015661766488
-0.009508835197668049
-0.009527640438765726
-0.009546431327079413
-0.009565207804628918
-0.00958396981343411
-0.009602717295514807
-0.009621450192890874
-0.009640168447582132
-0.00965887200160844
-0.009677560796989624
-0.009696234775745556
-0.009714893879896061
-0.009733538051460974
-0.009752167232460144
-0.009770781364913422
-0.009789380390840645
-0.009807964252261648
-0.009826532891196275
-0.009845086249664382
-0.009863624269685803
-0.009882146893280382
-0.00990065406246797
-0.009919145719268389
-0.0099376218057015
-0.009956082263787124
-0.009974527035545137
-0.009992956062995363
-0.010011369288157636
-0.010029766653051806
-0.010048148099697741
-0.010066513570115242
-0.010084863006324168
-0.010103196350344373
-0.010121513544195701
-0.01013981452989797
-0.010158099249471048
-0.010176367644934752
-0.010194619658308951
-0.010212855231613477
-0.010231074306868171
-0.01024927682609287
-0.010267462731307433
-0.010285631964531687
-0.010303784467785494
-0.010321920183088664
-0.010340039052461078
-0.010358141017922547
-0.010376226021492938
-0.010394294005192088
-0.010412344911039819
-0.010430378681056002
-0.010448395257260459
-0.010466394581673037
-0.0104843765963136
-0.010502341243201964
-0.010520288464357984
-0.010538218201801498
-0.010556130397552349
-0.010574024993630374
-0.010591901932055437
-0.01060976115484736
-0.010627602604026001
-0.010645426221611187
-0.010663231949622766
-0.010681019730080588
-0.010698789505004486
-0.010716541216414317
-0.0107342748063299
-0.010751990216771097
-0.010769687389757754
-0.010787366267309691
-0.010805026791446772
-0.010822668904188827
-0.010840292547555723
-0.01085789766356728
-0.010875484194243328
-0.010893052081603728
-0.010910601267668327
-0.010928131694456972
-0.010945643303989483
-0.01096313603828573
-0.010980609839365524
-0.010998064649248733
-0.011015500409955192
-0.01103291706350474
-0.011050314551917228
-0.0110676928172125
-0.011085051801410374
-0.011102391446530722
-0.011119711694593375
-0.011137012487618185
-0.011154293767624982
-0.011171555476633606
-0.01118879755666392
-0.011206019949735743
-0.011223222597868935
-0.011240405443083327
-0.011257568427398779
-0.011274711492835102
-0.011291834581412169
-0.011308937635149813
-0.01132602059606787
-0.011343083406186198
-0.011360126007524621
-0.011377148342103006
-0.011394150351941176
-0.011411131979058962
-0.01142809316547623
-0.01144503385321282
-0.011461953984288575
-0.011478853500723332
-0.011495732344536934
-0.01151259045774923
-0.011529427782380045
-0.011546244260449253
-0.011563039833976666
-0.011579814444982139
-0.011596568035485522
-0.01161330054750664
-0.011630011923065346
-0.011646702104181488
-0.011663371032874903
-0.011680018651165438
-0.01169664490107293
-0.01171324972461721
-0.011729833063818154
-0.011746394860695583
-0.011762935057269337
-0.011779453595559262
-0.011795950417585204
-0.011812425465367007
-0.011828878680924512
-0.011845310006277556
-0.011861719383445987
-0.011878106754449646
-0.011894472061308382
-0.011910815246042027
-0.011927136250670437
-0.011943435017213434
-0.011959711487690879
-0.011975965604122622
-0.01199219730852849
-0.012008406542928323
-0.01202459324934197
-0.012040757369789263
-0.012056898846290059
-0.012073017620864204
-0.012089113635531543
-0.012105186832311892
-0.012121237153225113
-0.012137264540291067
-0.012153268935529557
-0.012169250280960449
-0.01218520851860358
-0.012201143590478806
-0.012217055438605951
-0.012232944005004858
-0.012248809231695384
-0.012264651060697362
-0.012280469434030645
-0.012296264293715064
-0.012312035581770464
-0.012327783240216696
-0.012343507211073596
-0.012359207436360995
-0.012374883858098757
-0.01239053641830672
-0.012406165059004704
-0.012421769722212588
-0.012437350349950194
-0.01245290688423736
-0.012468439267093945
-0.012483947440539779
-0.012499431346594708
-0.012514890927278574
-0.012530326124611229
-0.012545736880612498
-0.01256112313730224
-0.012576484836700291
-0.012591821920826494
-0.012607134331700694
-0.012622422011342723
-0.012637684901772436
-0.012652922945009679
-0.012668136083074278
-0.012683324257986092
-0.012698487411764948
-0.012713625486430711
-0.012728738424003199
-0.012743826166502274
-0.012758888655947771
-0.012773925834359531
-0.0127889376437574
-0.012803924026161219
-0.01281888492359083
-0.012833820278066076
-0.012848730031606798
-0.012863614126232846
-0.012878472503964063
-0.012893305106820272
-0.012908111876821336
-0.012922892755987101
-0.012937647686337397
-0.012952376609892076
-0.012967079468670966
-0.012981756204693912
-0.012996406759980785
-0.0130110310765514
-0.013025629096425587
-0.013040200761623238
-0.013054746014164146
-0.013069264796068177
-0.013083757049355167
-0.013098222716044978
-0.013112661738157415
-0.013127074057712353
-0.013141459616729632
-0.01315581835722908
-0.01317015022123054
-0.013184455150753865
-0.013198733087818906
-0.013212983974445485
-0.013227207752653451
-0.013241404364462663
-0.013255573751892936
-0.013269715856964126
-0.013283830621696082
-0.013297917988108622
-0.013311977898221639
-0.01332601029405493
-0.013340015117628353
-0.013353992310961744
-0.013367941816074962
-0.013381863574987848
-0.01339575752972022
-0.01340962362229194
-0.013423461794722855
-0.013437271989032787
-0.013451054147241601
-0.013464808211369136
-0.013478534123435228
-0.013492231825459711
-0.01350590125946245
-0.01351954236746327
-0.013533155091482021
-0.01354673937353855
-0.013560295155652682
-0.013573822379844284
-0.013587320988133176
-0.013600790922539224
-0.01361423212508225
-0.013627644537782103
-0.013641028102658638
-0.013654382761731677
-0.013667708457021071
-0.013681005130546684
-0.013694272724328313
-0.013707511180385842
-0.013720720440739098
-0.013733900447407927
-0.013747051142412155
-0.013760172467771666
-0.013773264365506261
-0.01378632677763579
-0.0137993596461801
-0.013812362913159057
-0.01382533652059248
-0.013838280410500213
-0.013851194524902095
-0.013864078805817982
-0.013876933195267706
-0.013889757635271106
-0.013902552067848043
-0.013915316435018338
-0.013928050678801863
-0.013940754741218433
-0.013953428564287898
-0.013966072090030111
-0.013978685260464889
-0.01399126801761211
-0.0140038203034916
-0.014016342060123185
-0.014028833229526735
-0.014041293753722078
-0.014053723574729064
-0.014066122634567524
-0.01407849087525731
-0.01409082823881828
-0.014103134667270248
-0.014115410102633055
-0.014127654486926565
-0.014139867762170615
-0.014152049870385052
-0.014164200753589712
-0.01417632035380444
-0.014188408613049076
-0.01420046547334347
-0.014212490876707437
-0.01422448476516085
-0.01423644708072355
-0.014248377765415371
-0.014260276761256152
-0.01427214401026575
-0.014283979454463988
-0.014295783035870733
-0.014307554696505794
-0.014319294378389063
-0.014331002023540335
-0.014342677573979475
-0.014354320971726323
-0.01436593215880072
-0.014377511077222504
-0.014389057669011527
-0.014400571876187648
-0.014412053640770667
-0.01442350290478045
-0.014434919610236841
-0.014446303699159693
-0.014457655113568838
-0.014468973795484102
-0.014480259686925338
-0.014491512729912424
-0.014502732866465164
-0.014513920038603387
-0.014525074188346986
-0.014536195257715757
-0.014547283188729564
-0.014558337923408247
-0.014569359403771662
-0.014580347571839628
-0.01459130236963201
-0.014602223739168628
-0.014613111622469342
-0.014623965961553978
-0.014634786698442398
-0.014645573775154443
-0.014656327133709955
-0.01466704671612875
-0.014677732464430694
-0.014688384320635633
-0.014699002226763402
-0.01470958612483385
-0.014720135956866826
-0.014730651664882145
-0.014741133190899678
-0.014751580476939249
-0.014761993465020697
-0.014772372097163904
-0.014782716315388671
-0.014793026061714853
-0.014803301278162304
-0.014813541906750823
-0.014823747889500322
-0.01483391916843061
-0.014844055685561512
-0.014854157382912896
-0.014864224202504595
-0.014874256086356449
-0.014884252976488311
-0.01489421481492001
-0.014904141543671388
-0.01491403310476232
-0.014923889440212605
-0.014933710492042108
-0.014943496202270678
-0.014953246512918138
-0.014962961366004345
-0.014972640703549134
-0.014982284467572337
-0.014991892600093839
-0.015001465043133447
-0.01501100173871101
-0.015020502628846362
-0.015029967655559362
-0.015039396760869855
-0.015048789886797686
-0.015058146975362674
-0.015067467968584661
-0.015076752808483532
-0.01508600143707907
-0.015095213796391178
-0.015104389828439663
-0.015113529475244372
-0.015122632678825135
-0.01513169938120183
-0.01514072952439428
-0.015149723050422326
-0.015158679901305804
-0.015167600019064564
-0.015176483345718462
-0.015185329823287325
-0.015194139393790999
-0.015202911999249322
-0.015211647581682142
-0.015220346083109314
-0.015229007445550655
-0.015237631611026014
-0.01524621852155527
-0.015254768119158199
-0.015263280345854714
-0.015271755143664616
-0.01528019245460776
-0.015288592220703973
-0.015296954383973115
-0.015305278886435018
-0.015313565670109547
-0.015321814677016512
-0.015330025849175786
-0.015338199128607198
-0.015346334457330562
-0.015354431777365781
-0.015362491030732662
-0.015370512159451045
-0.015378495105540783
-0.01538643981102171
-0.015394346217913683
-0.015402214268236535
-0.015410043904010096
-0.015417835067254242
-0.015425587699988776
-0.015433301744233567
-0.015440977142008462
-0.015448613835333283
-0.015456211766227896
-0.015463770876712107
-0.015471291108805792
-0.015478772404528787
-0.015486214705900947
-0.015493617954942085
-0.015500982093672034
-0.015508307064110705
-0.015515592808277875
-0.015522839268193415
-0.015530046385877141
-0.015537214103348934
-0.015544342362628616
-0.015551431105736046
-0.015558480274691026
-0.015565489811513455
-0.015572459658223122
-0.015579389756839906
-0.015586280049383628
-0.015593130477874154
-0.015599940984331321
-0.015606711510774945
-0.015613441999224903
-0.015620132391700995
-0.015626782630223116
-0.015633392656811088
-0.015639962413484736
-0.015646491842263924
-0.01565298088516847
-0.015659429484218265
-0.01566583758143311
-0.015672205118832862
-0.01567853203843734
-0.015684818282266415
-0.01569106379233992
-0.015697268510677716
-0.01570343237929962
-0.01570955534022548
-0.015715637335475145
-0.01572167830706845
-0.01572767819702526
-0.01573363694736539
-0.01573955450010869
-0.015745430797275015
-0.0157512657808842
-0.015757059392956085
-0.01576281157551051
-0.015768522270567326
-0.01577419142014636
-0.01577981896626747
-0.015785404850950507
-0.015790949016215305
-0.015796451404081695
-0.015801911956569527
-0.01580733061569865
-0.015812707323488905
-0.015818042021960126
-0.015823334653132164
-0.015828585159024848
-0.01583379348165806
-0.015838959563051584
-0.015844083345225315
-0.015849164770199074
-0.015854203779992686
-0.01585920031662602
-0.01586415432211892
-0.0158690657384912
-0.015873934507762765
-0.01587876057195337
-0.01588354387308291
-0.015888284353171234
-0.015892981954238165
-0.01589763661830355
-0.01590224828738724
-0.015906816903509043
-0.015911342408688873
-0.01591582474494651
-0.015920263854301814
-0.01592465967877462
-0.0159290121603848
-0.015933321241152168
-0.015937586863096584
-0.015941808968237867
-0.01594598749859589
-0.015950122396190473
-0.015954213603041466
-0.015958261061168738
-0.015962264712592072
-0.01596622449933136
-0.015970140363406438
-0.015974012246837126
-0.015977840091643287
-0.01598162383984477
-0.015985363433461394
-0.015989058814513013
-0.015992709925553718
-0.015996316711878285
-0.015999879121730766
-0.016003397103958938
-0.016006870607410573
-0.016010299581407702
-0.016013683977169214
-0.016017023746388206
-0.01602031884075778
-0.01602356921197106
-0.016026774811721146
-0.016029935592123047
-0.0160330515069793
-0.016036122510514342
-0.016039148557646776
-0.016042129606071792
-0.016045065614178785
-0.01604795654035708
-0.016050802342996065
-0.016053602980485106
-0.01605635841121357
-0.016059068593570792
-0.016061733485946174
-0.01606435304672904
-0.01606692723430879
-0.01606945600707478
-0.01607193932341635
-0.016074377141722895
-0.01607676942038376
-0.016079116117788304
-0.01608141719232591
-0.016083672602385933
-0.016085882306357727
-0.016088046262630665
-0.01609016442959411
-0.016092236765637438
-0.016094263229149985
-0.01609624377852113
-0.016098178372140254
-0.016100066968396682
-0.016101909525679827
-0.016103706002379006
-0.016105456356883614
-0.01610716054758299
-0.016108818532866526
-0.01611043027112358
-0.01611199572074348
-0.01611351484011562
-0.016114987587629373
-0.016116413921674087
-0.016117793800639123
-0.01611912718291387
-0.016120414026887662
-0.01612165429094986
-0.01612284793348986
-0.01612399491289701
-0.016125095187560647
-0.016126148715870182
-0.01612715545621494
-0.016128115366984306
-0.016129028406567637
-0.016129894533354304
-0.016130713705733657
-0.01613148588209507
-0.016132211020827923
-0.016132889080321552
-0.01613352001896532
-0.016134103795148604
-0.016134640367260773
-0.016135129693691172
-0.01613557173282917
-0.016135966443064156
-0.01613631378278546
-0.016136613711305633
-0.016136866191629903
-0.01613707118768664
-0.016137228663404266
-0.01613733858271113
-0.01613740090953565
-0.01613741560780623
-0.016137382641451245
-0.01613730197439907
-0.01613717357057813
-0.016136997393916795
-0.016136773408343467
-0.016136501577786524
-0.01613618186617436
-0.016135814237435382
-0.016135398655497967
-0.01613493508429052
-0.01613442348774141
-0.016133863832639667
-0.016133256097216782
-0.016132600262564818
-0.016131896309775923
-0.016131144219942183
-0.016130343974155702
-0.016129495553508573
-0.01612859893909291
-0.016127654112000817
-0.016126661053324387
-0.016125619744155748
-0.016124530165586976
-0.016123392298710182
-0.01612220612461747
-0.01612097162440095
-0.016119688779152708
-0.016118357569964867
-0.016116977977929534
-0.016115549984138774
-0.01611407356968475
-0.0161125487156595
-0.01611097540315518
-0.01610935361326385
-0.016107683331247208
-0.01610596455904515
-0.016104197302767104
-0.01610238156852255
-0.016100517362420914
-0.0160986046905717
-0.016096643559084318
-0.016094633974068264
-0.01609257594163295
-0.016090469467887857
-0.016088314558942447
-0.016086111220906158
-0.01608385945988848
-0.01608155928199882
-0.016079210693346682
-0.016076813700041485
-0.016074368308192696
-0.01607187452390977
-0.016069332353302185
-0.016066741802479356
-0.01606410287755078
-0.01606141558462589
-0.01605867992981414
-0.016055895919225006
-0.01605306355896792
-0.016050182855152362
-0.01604725381388776
-0.016044276441283575
-0.016041250743449295
-0.01603817672649435
-0.016035054403758037
-0.01603188381749903
-0.016028665017205852
-0.016025398052366982
-0.01602208297247099
-0.01601871982700631
-0.01601530866546154
-0.016011849537325137
-0.01600834249208562
-0.016004787579231503
-0.016001184848251304
-0.015997534348633553
-0.015993836129866726
-0.015990090241439346
-0.01598629673283993
-0.015982455653557014
-0.015978567053079054
-0.015974630980894647
-0.01597064748649222
-0.015966616619360312
-0.01596253842898747
-0.015958412964862164
-0.015954240276472912
-0.015950020413308254
-0.01594575342485667
-0.015941439360606713
-0.01593707827004683
-0.015932670202665592
-0.015928215207951478
-0.01592371333539304
-0.01591916463447875
-0.015914569154697116
-0.015909926945536685
-0.015905238056485946
-0.015900502537033418
-0.015895720436667614
-0.01589089180487704
-0.015886016691150223
-0.015881095144975647
-0.015876127215841855
-0.015871112953237343
-0.015866052406650642
-0.015860945625570215
-0.01585579265948462
-0.015850593557882372
-0.015845348370251956
-0.015840057146081908
-0.015834719934860724
-0.015829336786076918
-0.015823907749218998
-0.0158184328737755
-0.015812912209234913
-0.015807345805085755
-0.01580173371081653
-0.015796075975915768
-0.015790372649871976
-0.01578462378217365
-0.015778829422309328
-0.015772989619767495
-0.0157671044240367
-0.0157611738846054
-0.01575519805096217
-0.015749176972595483
-0.015743110698993857
-0.0157369992796458
-0.01573084276403986
-0.01572464120166449
-0.01571839464200825
-0.015712103134559632
-0.015705766728807146
-0.01569938547423931
-0.01569295942034464
-0.01568648861661164
-0.01567997311252882
-0.015673412957584714
-0.015666808201267816
-0.015660158893066642
-0.015653465082469696
-0.0156467268189655
-0.015639944152042572
-0.01563311713118939
-0.01562624580589453
-0.015619330225646443
-0.015612370439933652
-0.015605366498244712
-0.015598318450068099
-0.015591226344892323
-0.015584090232205902
-0.015576910161497355
-0.015569686182255186
-0.015562418343967903
-0.01555510669612405
-0.015547751288212086
-0.015540352169720582
-0.015532909390138006
-0.015525422998952886
-0.015517893045653729
-0.015510319579729058
-0.015502702650667367
-0.015495042307957209
-0.01548733860108705
-0.015479591579545413
-0.015471801292820823
-0.015463967790401795
-0.01545609112177683
-0.01544817133643442
-0.015440208483863127
-0.01543220261355141
-0.015424153774987827
-0.015416062017660867
-0.015407927391059045
-0.01539974994467086
-0.01539152972798486
-0.015383266790489517
-0.015374961181673367
-0.015366612951024912
-0.015358222148032678
-0.015349788822185169
-0.0153413130229709
-0.015332794799878369
-0.015324234202396094
-0.015315631280012617
-0.015306986082216381
-0.015298298658495971
-0.015289569058339877
-0.01528079733123659
-0.015271983526674643
-0.015263127694142536
-0.015254229883128804
-0.015245290143121919
-0.015236308523610426
-0.01522728507408284
-0.015218219844027648
-0.015209112882933378
-0.015199964240288539
-0.015190773965581654
-0.015181542108301206
-0.015172268717935738
-0.015162953843973745
-0.015153597535903767
-0.015144199843214275
-0.015134760815393791
-0.015125280501930856
-0.015115758952313945
-0.015106196216031601
-0.01509659234257232
-0.0150869473814246
-0.01507726138207699
-0.01506753439401799
-0.015057766466736098
-0.015047957649719827
-0.015038107992457698
-0.01502821754443821
-0.015018286355149896
-0.015008314474081255
-0.014998301950720806
-0.014988248834557075
-0.014978155175078531
-0.014968021021773702
-0.014957846424131126
-0.014947631431639307
-0.014937376093786751
-0.014927080460061958
-0.014916744579953446
-0.014906368502949746
-0.014895952278539345
-0.014885495956210781
-0.014874999585452534
-0.014864463215753151
-0.014853886896601103
-0.014843270677484947
-0.014832614607893167
-0.01482191873731429
-0.014811183115236807
-0.01480040779114927
-0.014789592814540141
-0.014778738234897965
-0.014767844101711244
-0.0147569104644685
-0.014745937372658224
-0.01473492487576895
-0.014723873023289192
-0.014712781864707428
-0.014701651449512214
-0.014690481827192046
-0.014679273047235417
-0.014668025159130862
-0.014656738212366873
-0.014645412256432
-0.014634047340814707
-0.01462264351500354
-0.014611200828487008
-0.014599719330753609
-0.014588199071291868
-0.014576640099590291
-0.014565042465137377
-0.014553406217421662
-0.014541731405931665
-0.01453001808015584
-0.014518266289582773
-0.014506476083700936
-0.014494647511998858
-0.014482780623965026
-0.014470875469087985
-0.014458932096856204
-0.014446950556758261
-0.01443493089828259
-0.014422873170917774
-0.014410777424152286
-0.014398643707474637
-0.01438647207037335
-0.014374262562336941
-0.014362015232853903
-0.014349730131412775
-0.014337407307502046
-0.01432504681061025
-0.014312648690225888
-0.014300212995837464
-0.014287739776933508
-0.014275229083002503
-0.014262680963533
-0.014250095468013474
-0.014237472645932472
-0.01422481254677848
-0.014212115220040015
-0.0141993807152056
-0.014186609081763734
-0.014173800369202948
-0.014160954627011724
-0.014148071904678608
-0.0141351522516921
-0.014122195717540687
-0.014109202351712929
-0.014096172203697292
-0.014083105322982329
-0.0140700017590565
-0.014056861561408366
-0.014043684779526427
-0.014030471462899194
-0.014017221661015157
-0.014003935423362868
-0.01399061279943081
-0.013977253838707493
-0.01396385859068145
-0.013950427104841174
-0.013936959430675187
-0.01392345561767201
-0.013909915715320128
-0.013896339773108094
-0.01388272784052439
-0.013869079967057541
-0.013855396202196016
-0.013841676595428398
-0.013827921196243148
-0.013814130054128815
-0.013800303218573874
-0.013786440739066853
-0.013772542665096293
-0.013758609046150661
-0.01374463993171848
-0.013730635371288283
-0.013716595414348552
-0.01370252011038783
-0.013688409508894616
-0.013674263659357418
-0.01366008261126476
-0.01364586641410514
-0.013631615117367085
-0.013617328770539096
-0.013603007423109683
-0.013588651124567364
-0.013574259924400657
-0.013559833872098045
-0.013545373017148081
-0.013530877409039264
-0.01351634709726008
-0.013501782131299076
-0.013487182560644757
-0.013472548434785632
-0.013457879803210194
-0.013443176715406973
-0.013428439220864483
-0.013413667369071233
-0.013398861209515738
-0.013384020791686501
-0.013369146165072055
-0.013354237379160883
-0.013339294483441521
-0.013324317527402457
-0.013309306560532225
-0.013294261632319341
-0.013279182792252306
-0.013264070089819627
-0.013248923574509824
-0.013233743295811413
-0.013218529303212878
-0.013203281646202783
-0.013188000374269586
-0.01317268553690184
-0.013157337183588035
-0.013141955363816701
-0.013126540127076326
-0.013111091522855433
-0.013095609600642544
-0.013080094409926165
-0.01306454600019479
-0.013048964420936969
-0.013033349721641184
-0.013017701951795947
-0.013002021160889794
-0.01298630739841123
-0.01297056071384874
-0.01295478115669086
-0.012938968776426099
-0.012923123622542977
-0.012907245744530012
-0.012891335191875675
-0.01287539201406851
-0.012859416260597032
-0.012843407980949744
-0.012827367224615154
-0.012811294041081792
-0.012795188479838161
-0.01277905059037275
-0.012762880422174099
-0.012746678024730727
-0.012730443447531128
-0.012714176740063813
-0.012697877951817291
-0.012681547132280101
-0.01266518433094073
-0.01264878959728769
-0.012632362980809499
-0.01261590453099468
-0.012599414297331739
-0.01258289232930919
-0.012566338676415522
-0.012549753388139259
-0.012533136513968948
-0.01251648810339306
-0.012499808205900121
-0.012483096870978642
-0.012466354148117142
-0.012449580086804118
-0.012432774736528093
-0.01241593814677757
-0.012399070367041094
-0.012382171446807123
-0.012365241435564209
-0.012348280382800867
-0.01233128833800557
-0.012314265350666868
-0.012297211470273267
-0.012280126746313277
-0.012263011228275385
-0.012245864965648145
-0.01222868800792004
-0.012211480404579585
-0.012194242205115306
-0.012176973459015706
-0.012159674215769297
-0.012142344524864618
-0.012124984435790121
-0.012107593998034367
-0.01209017326108585
-0.012072722274433092
-0.012055241087564604
-0.012037729749968884
-0.012020188311134467
-0.012002616820549835
-0.01198501532770352
-0.011967383882084048
-0.011949722533179902
-0.01193203133047961
-0.0119143103234717
-0.011896559561644633
-0.011878779094486987
-0.011860968971487224
-0.011843129242133862
-0.011825259955915426
-0.011807361162320458
-0.011789432910837411
-0.01177147525095484
-0.011753488232161225
-0.01173547190394513
-0.011717426315795004
-0.011699351517199402
-0.011681247557646808
-0.011663114486625752
-0.011644952353624758
-0.01162676120813231
-0.011608541099636936
-0.011590292077627138
-0.011572014191591436
-0.011553707491018354
-0.011535372025396387
-0.011517007844214062
-0.011498614996959877
-0.011480193533122345
-0.011461743502189984
-0.011443264953651312
-0.011424757936994823
-0.011406222501709022
-0.01138765869728247
-0.011369066573203628
-0.011350446178961044
-0.011331797564043206
-0.011313120777938633
-0.011294415870135844
-0.011275682890123342
-0.011256921887389647
-0.011238132911423278
-0.011219316011712712
-0.0112004712377465
-0.011181598639013138
-0.011162698265001152
-0.011143770165199046
-0.011124814389095315
-0.01110583098617848
-0.011086820005937071
-0.011067781497859579
-0.011048715511434524
-0.01102962209615044
-0.011010501301495789
-0.010991353176959127
-0.010972177772028958
-0.010952975136193786
-0.010933745318942102
-0.010914488369762474
-0.010895204338143356
-0.010875893273573299
-0.010856555225540802
-0.010837190243534377
-0.010817798377042534
-0.01079837967555379
-0.010778934188556657
-0.010759461965539643
-0.010739963055991238
-0.010720437509400008
-0.010700885375254432
-0.010681306703043032
-0.010661701542254312
-0.010642069942376767
-0.010622411952898949
-0.010602727623309341
-0.010583017003096473
-0.01056328014174884
-0.01054351708875496
-0.010523727893603348
-0.010503912605782529
-0.010484071274780984
-0.010464203950087247
-0.010444310681189839
-0.010424391517577253
-0.010404446508738015
-0.01038447570416062
-0.010364479153333585
-0.01034445690574545
-0.010324409010884678
-0.010304335518239827
-0.01028423647729939
-0.010264111937551876
-0.01024396194848579
-0.010223786559589665
-0.01020358582035201
-0.010183359780261324
-0.010163108488806121
-0.010142831995474914
-0.010122530349756239
-0.010102203601138567
-0.010081851799110439
-0.010061474993160366
-0.010041073232776858
-0.010020646567448417
-0.01000019504666355
-0.009979718719910794
-0.009959217636678638
-0.00993869184645562
-0.009918141398730207
-0.009897566342990972
-0.00987696672872637
-0.009856342605424968
-0.009835694022575232
-0.009815021029665688
-0.009794323676184855
-0.009773602011621245
-0.009752856085463373
-0.009732085947199737
-0.00971129164631886
-0.009690473232309243
-0.00966963075465942
-0.009648764262857882
-0.00962787380639315
-0.009606959434753731
-0.009586021197428152
-0.009565059143904908
-0.009544073323672525
-0.009523063786219504
-0.009502030581034354
-0.00948097375760561
-0.009459893365421756
-0.009438789453971318
-0.009417662072742814
-0.009396511271224756
-0.00937533709890563
-0.009354139605273985
-0.00933291883981831
-0.009311674852027139
-0.009290407691388943
-0.00926911740739228
-0.009247804049525623
-0.009226467667277518
-0.009205108310136451
-0.009183726027590964
-0.009162320869129551
-0.009140892884240713
-0.009119442122412974
-0.009097968633134845
-0.009076472465894835
-0.009054953670181488
-0.00903341229548324
-0.009011848391288681
-0.008990262007086303
-0.008968653192364593
-0.00894702199661208
-0.00892536846931727
-0.008903692659968696
-0.008881994618054851
-0.008860274393064249
-0.00883853203448541
-0.008816767591806827
-0.008794981114517032
-0.008773172652104533
-0.008751342254057843
-0.00872948996986546
-0.008707615849015908
-0.008685719940997724
-0.00866380229529937
-0.0086418629614094
-0.008619901988816292
-0.00859791942700858
-0.008575915325474786
-0.008553889733703393
-0.008531842701182929
-0.008509774277401915
-0.008487684511848847
-0.008465573454012245
-0.008443441153380625
-0.008421287659442493
-0.008399113021686368
-0.008376917289600737
-0.00835470051267415
-0.008332462740395084
-0.00831020402225208
-0.008287924407733651
-0.008265623946328276
-0.008243302687524507
-0.008220960680810834
-0.008198597975675754
-0.008176214621607822
-0.008153810668095509
-0.008131386164627354
-0.008108941160691843
-0.00808647570577753
-0.008063989849372878
-0.008041483640966436
-0.008018957130046703
-0.007996410366102187
-0.007973843398621411
-0.007951256277092877
-0.007928649051005104
-0.007906021769846595
-0.007883374483105877
-0.007860707240271454
-0.007838020090831819
-0.007815313084275539
-0.007792586270091062
-0.007769839697766939
-0.007747073416791677
-0.007724287476653765
-0.007701481926841748
-0.007678656816844132
-0.0076558121961493916
-0.007632948114246112
-0.007610064620622719
-0.007587161764767787
-0.007564239596169812
-0.00754129816431728
-0.0075183375186987445
-0.007495357708802708
-0.007472358784117663
-0.00744934079413212
-0.007426303788334634
-0.00740324781621366
-0.00738017292725776
-0.007357079170955401
-0.007333966596795135
-0.0073108352542654576
-0.007287685192854871
-0.007264516462051903
-0.007241329111345052
-0.007218123190222839
-0.007194898748173788
-0.007171655834686376
-0.007148394499249154
-0.007125114791350628
-0.007101816760479291
-0.0070785004561236455
-0.0070551659277722535
-0.007031813224913566
-0.0070084423970361446
-0.006985053493628474
-0.0069616465641790725
-0.00693822165817647
-0.006914778825109146
-0.006891318114465639
-0.006867839575734454
-0.006844343258404097
-0.006820829211963093
-0.00679729748589993
-0.006773748129703158
-0.006750181192861234
-0.00672659672486273
-0.006702994775196132
-0.006679375393349931
-0.006655738628812677
-0.006632084531072863
-0.006608413149619009
-0.006584724533939621
-0.006561018733523213
-0.006537295797858274
-0.006513555776433371
-0.006489798718736972
-0.006466024674257587
-0.0064422336924837564
-0.006418425822903978
-0.006394601115006748
-0.006370759618280611
-0.0063469013822140515
-0.006323026456295608
-0.006299134890013774
-0.006275226732857051
-0.006251302034313983
-0.006227360843873064
-0.006203403211022796
-0.006179429185251709
-0.006155438816048312
-0.006131432152901127
-0.006107409245298625
-0.0060833701427293555
-0.0060593148946818266
-0.006035243550644541
-0.006011156160106018
-0.005987052772554761
-0.005962933437479302
-0.005938798204368121
-0.005914647122709771
-0.005890480241992725
-0.0058662976117055225
-0.005842099281336657
-0.005817885300374652
-0.005793655718308024
-0.005769410584625279
-0.00574514994881492
-0.005720873860365468
-0.005696582368765439
-0.005672275523503338
-0.0056479533740676794
-0.005623615969946979
-0.005599263360629746
-0.005574895595604492
-0.005550512724359728
-0.005526114796383985
-0.005501701861165745
-0.005477273968193529
-0.005452831166955858
-0.005428373506941234
-0.005403901037638193
-0.0053794138085352106
-0.005354911869120827
-0.0053303952688835525
-0.0053058640573118866
-0.0052813182838943465
-0.005256757998119438
-0.005232183249475688
-0.005207594087451601
-0.005182990561535687
-0.0051583727212164655
-0.005133740615982441
-0.005109094295322122
-0.005084433808724034
-0.005059759205676672
-0.0050350705356685815
-0.00501036784818824
-0.004985651192724168
-0.004960920618764884
-0.004936176175798894
-0.004911417913314729
-0.004886645880800873
-0.0048618601277458555
-0.004837060703638174
-0.004812247657966355
-0.0047874210402189185
-0.0047625808998843595
-0.004737727286451191
-0.004712860249407936
-0.004687979838243096
-0.004663086102445185
-0.004638179091502723
-0.004613258854904208
-0.004588325442138186
-0.0045633789026931285
-0.004538419286057561
-0.00451344664172
-0.004488461019168954
-0.004463462467892959
-0.004438451037380485
-0.004413426777120062
-0.004388389736600222
-0.004363339965309446
-0.004338277512736266
-0.004313202428369204
-0.004288114761696732
-0.004263014562207393
-0.004237901879389717
-0.00421277676273217
-0.0041876392617232906
-0.004162489425851591
-0.004137327304605579
-0.004112152947473766
-0.004086966403944666
-0.004061767723506796
-0.004036556955648656
-0.004011334149858769
-0.003986099355625644
-0.003960852622437795
-0.003935593999783747
-0.003910323537151962
-0.0038850412840310032
-0.003859747289909379
-0.003834441604275582
-0.003809124276618129
-0.003783795356425531
-0.0037584548931863214
-0.0037331029363889805
-0.0037077395355220536
-0.00368236474007402
-0.003656978599533408
-0.003631581163388747
-0.00360617248112851
-0.003580752602241225
-0.0035553215762154367
-0.0035298794525396087
-0.003504426280702278
-0.0034789621101919445
-0.0034534869904971526
-0.0034280009711063746
-0.0034025041015081376
-0.0033769964311909624
-0.0033514780096433666
-0.00332594888635383
-0.0033004091108108985
-0.0032748587325030568
-0.0032492978009188425
-0.0032237263655467696
-0.003198144475875307
-0.003172552181393012
-0.003146949531588383
-0.0031213365759499272
-0.003095713363966168
-0.0030700799451256026
-0.0030444363689167628
-0.003018782684828145
-0.002993118942348251
-0.0029674451909656166
-0.002941761480168752
-0.0029160678594461562
-0.002890364378286342
-0.002864651086177841
-0.0028389280326091395
-0.002813195267068769
-0.002787452839045232
-0.002761700798027041
-0.002735939193502705
-0.002710168074960751
-0.0026843874918896808
-0.002658597493778013
-0.002632798130114235
-0.002606989450386909
-0.0025811715040844853
-0.0025553443406955284
-0.002529508009708516
-0.0025036625606119807
-0.0024778080428944317
-0.0024519445060443776
-0.0024260719995503237
-0.002400190572900791
-0.0023743002755842943
-0.002348401157089358
-0.00232249326690445
-0.002296576654518113
-0.0022706513694188595
-0.002244717461095196
-0.0022187749790356596
-0.0021928239727287187
-0.002166864491662903
-0.0021408965853267417
-0.0021149203032087343
-0.002088935694797383
-0.0020629428095812093
-0.0020369416970487395
-0.002010932406688458
-0.0019849149879889016
-0.0019588894904385675
-0.0019328559635259715
-0.0019068144567396354
-0.0018807650195680533
-0.0018547077014997469
-0.0018286425520232415
-0.0018025696206270233
-0.0017764889567996158
-0.0017504006100295538
-0.0017243046298052898
-0.0016982010656153993
-0.0016720899669483728
-0.001645971383292713
-0.001619845364136942
-0.0015937119589695794
-0.0015675712172791073
-0.00154142318855407
-0.0015152679222829703
-0.0014891054679543126
-0.0014629358750566047
-0.0014367591930783824
-0.0014105754715081301
-0.001384384759834387
-0.0013581871075456463
-0.0013319825641304253
-0.0013057711790772381
-0.0012795530018745935
-0.0012533280820109932
-0.001227096468974986
-0.0012008582122550434
-0.001174613361339707
-0.0011483619657174631
-0.0011221040748768448
-0.001095839738306353
-0.0010695690054945183
-0.0010432919259298224
-0.0010170085491008098
-0.0009907189244959544
-0.0009644231016037929
-0.0009381211299128419
-0.0009118130589116091
-0.0008854989380886
-0.0008591788169323208
-0.0008328527449313131
-0.0008065207715740571
-0.0007801829463490867
-0.0007538393187449003
-0.000727489938250018
-0.0007011348543529538
-0.0006747741165421955
-0.0006484077743063024
-0.0006220358771337328
-0.0005956584745130484
-0.0005692756159327208
-0.0005428873508812847
-0.0005164937288472445
-0.0004900947993191256
-0.00046369061178543145
-0.00043728121573465874
-0.0004108666606553379
-0.00038444699603598555
-0.0003580222713650957
-0.00033159253613119274
-0.00030515783982279845
-0.0002787182319284069
-0.0002522737619365242
-0.0002258244793356878
