-0
-0.00934743
-0.0211438
-0.0255564
-0.0179792
0.000130761
0.0220656
0.0387979
0.0427925
0.0311426
0.00683728
-0.0222389
-0.0461115
-0.0562387
-0.0484823
-0.0245322
0.00862864
0.0409602
0.0625151
0.0664811
0.0511952
0.0205782
-0.0170586
-0.0514134
-0.0730658
-0.0760098
-0.0591834
-0.0266468
0.0135637
0.0515399
0.0779863
0.0864547
0.0748054
0.0455959
0.00536991
-0.0369268
-0.071996
-0.0922225
-0.093257
-0.0748355
-0.0407122
0.00222709
0.0454407
0.0804656
0.100555
0.101911
0.0843015
0.0509881
0.00801938
-0.0369424
-0.0760233
-0.102508
-0.111947
-0.102826
-0.0767157
-0.0379133
0.00734129
0.0519155
0.0889237
0.112772
0.119954
0.109505
0.0830443
0.0444605
-0.000724956
-0.0461857
-0.0856899
-0.113943
-0.127263
-0.124007
-0.104714
-0.0719563
-0.0299463
0.0160495
0.0603914
0.0977614
0.123786
0.135514
0.13171
0.112934
0.0814108
0.0407294
-0.00460338
-0.0496795
-0.0897272
-0.120607
-0.139218
-0.143777
-0.133953
-0.110846
-0.0768291
-0.0352765
0.0097984
0.0541407
0.0936591
0.124794
0.144823
0.152072
0.146027
0.127336
0.0977162
0.0597679
0.0167268
-0.0278251
-0.0702637
-0.107215
-0.135816
-0.153919
-0.160234
-0.154397
-0.136967
-0.109351
-0.0736683
-0.0325777
0.0109365
0.053785
0.0929941
0.125907
0.150354
0.164781
0.168337
0.160897
0.143055
0.116055
0.0816905
0.0421778
-1.77691e-15
-0.0422522
-0.0820406
-0.117029
-0.145216
-0.165038
-0.175446
-0.175948
-0.166617
-0.148071
-0.121417
-0.088176
-0.0501904
-0.00951167
0.0317125
0.0713526
0.107406
0.138096
0.161949
0.177863
0.185145
0.183535
0.1732
0.154717
0.129029
0.0973911
0.0613022
0.0224304
-0.0174681
-0.0566289
-0.0933576
-0.1261
-0.153506
-0.174478
-0.188209
-0.194209
-0.192314
-0.182681
-0.165774
-0.142332
-0.113337
-0.079962
-0.0435255
-0.00543329
0.0328761
0.0699856
0.104552
0.135351
0.16132
0.181589
0.195506
0.202654
0.202856
0.196177
0.18291
0.163563
0.138835
0.109586
0.0768039
0.0415701
0.00502187
-0.0316852
-0.0674141
-0.101081
-0.131685
-0.15834
-0.180294
-0.196947
-0.207869
-0.212803
-0.211666
-0.204554
-0.191723
-0.173587
-0.150695
-0.123718
-0.0934202
-0.0606422
-0.0262726
0.00877548
0.0435892
0.0772794
0.109003
0.137983
0.163525
0.185035
0.202027
0.214135
0.221117
0.222859
0.21937
0.210783
0.197345
0.179411
0.157431
0.131935
0.103523
0.0728495
0.040603
0.00749482
-0.0257591
-0.0584531
-0.0899067
-0.119478
-0.146576
-0.170671
-0.191306
-0.208099
-0.220755
-0.229063
-0.232904
-0.232246
-0.227144
-0.217738
-0.204245
-0.186956
-0.166226
-0.142467
-0.116139
-0.0877392
-0.057794
-0.0268468
0.00455125
0.0358509
0.0665147
0.0960255
0.123896
0.149673
0.172949
0.193364
0.210612
0.224441
0.234664
0.24115
0.243831
0.242702
0.237814
0.229278
0.217257
0.201965
0.183661
0.162645
0.13925
0.113841
0.0868041
0.0585417
0.0294677
-5.49865e-16
-0.0294451
-0.058459
-0.0866461
-0.113629
-0.139053
-0.16259
-0.183945
-0.202855
-0.219093
-0.232474
-0.242849
-0.250114
-0.254204
-0.255096
-0.252807
-0.247394
-0.238951
-0.227608
-0.213528
-0.196904
-0.177955
-0.156926
-0.134082
-0.109702
-0.0840817
-0.0575244
-0.030339
-0.00283675
0.0246729
0.0518854
0.0785047
0.104246
0.128839
0.152029
0.173583
0.193286
0.210949
0.226405
0.239515
0.250163
0.258264
0.263757
0.26661
0.266818
0.2644
0.259403
0.251897
0.241977
0.229757
0.215372
0.198977
0.180742
0.160851
0.139501
0.116899
0.0932608
0.0688076
0.0437644
0.0183582
-0.00718472
-0.0326402
-0.0577884
-0.0824157
-0.106316
-0.129293
-0.151161
-0.171747
-0.190891
-0.208447
-0.224284
-0.238289
-0.250365
-0.260429
-0.26842
-0.274291
-0.278014
-0.279577
-0.278986
-0.276263
-0.271446
-0.264589
-0.25576
-0.24504
-0.232523
-0.218317
-0.202538
-0.185313
-0.166777
-0.147074
-0.126351
-0.104762
-0.0824658
-0.0596218
-0.0363917
-0.0129372
0.0105807
0.034003
0.0571737
0.0799411
0.102158
0.123683
0.144382
0.164127
0.182799
0.200288
0.216493
0.231321
0.24469
0.25653
0.266779
0.275387
0.282314
0.287533
0.291024
0.292781
0.292806
0.291114
0.287726
0.282677
0.276007
0.267768
0.258018
0.246825
0.234262
0.220409
0.205353
0.189186
0.172005
0.153911
0.135008
0.115404
0.0952077
0.0745312
0.0534862
0.0321854
0.0107411
-0.0107353
-0.0321337
-0.0533459
-0.0742664
-0.0947923
-0.114824
-0.134267
-0.153029
-0.171024
-0.188171
-0.204392
-0.219617
-0.23378
-0.246824
-0.258694
-0.269344
-0.278734
-0.286829
-0.293602
-0.299032
-0.303104
-0.305809
-0.307147
-0.30712
-0.30574
-0.303022
-0.298987
-0.293663
-0.287082
-0.279282
-0.270305
-0.260196
-0.249007
-0.236793
-0.223611
-0.209523
-0.194593
-0.178888
-0.162477
-0.145432
-0.127825
-0.10973
-0.0912216
-0.0723765
-0.0532701
-0.0339785
-0.0145774
0.004858
0.0242535
0.0435359
0.0626334
0.0814758
0.0999949
0.118125
0.135801
0.152962
0.16955
0.185509
0.200786
0.21533
0.229097
0.242042
0.254126
0.265314
0.275571
0.284871
0.293187
0.300498
0.306786
0.312038
0.316242
0.319393
0.321487
0.322524
0.322509
0.321448
0.319353
0.316237
0.312118
0.307014
0.300949
0.293949
0.286042
0.277258
0.267631
0.257196
0.24599
0.234052
0.221424
0.208148
0.194267
0.179828
0.164876
0.149458
0.133623
0.11742
0.100897
0.0841042
0.067091
0.0499071
0.0326021
0.0152253
-0.00217458
-0.019549
-0.0368504
-0.0540318
-0.0710473
-0.0878517
-0.104401
-0.120654
-0.136567
-0.152101
-0.167219
-0.181882
-0.196056
-0.209707
-0.222804
-0.235316
-0.247216
-0.258477
-0.269075
-0.278988
-0.288195
-0.296678
-0.304422
-0.311412
-0.317635
-0.323082
-0.327744
-0.331616
-0.334693
-0.336972
-0.338455
-0.339142
-0.339037
-0.338146
-0.336475
-0.334033
-0.330831
-0.326881
-0.322196
-0.316793
-0.310687
-0.303897
-0.296442
-0.288343
-0.279622
-0.270302
-0.260406
-0.24996
-0.23899
-0.227523
-0.215585
-0.203206
-0.190414
-0.177238
-0.163709
-0.149856
-0.135711
-0.121304
-0.106666
-0.0918276
-0.0768212
-0.0616774
-0.0464275
-0.0311024
-0.0157329
-0.000349546
0.0150175
0.0303383
0.0455835
0.0607242
0.0757319
0.0905788
0.105238
0.119682
0.133886
0.147825
0.161473
0.174809
0.187808
0.20045
0.212713
0.224577
0.236024
0.247036
0.257594
0.267684
0.277291
0.286399
0.294997
0.303073
0.310615
0.317613
0.32406
0.329948
0.335269
0.340018
0.34419
0.347783
0.350793
0.353219
0.355061
0.356319
0.356993
0.357088
0.356606
0.355551
0.353928
0.351744
0.349005
0.345719
0.341894
0.337539
0.332665
0.327281
0.3214
0.315033
0.308193
0.300893
0.293146
0.284968
0.276372
0.267375
0.257992
0.248238
0.238131
0.227688
0.216925
0.20586
0.194511
0.182896
0.171033
0.158939
0.146635
0.134138
0.121467
0.108641
0.0956776
0.0825967
0.0694167
0.0561563
0.0428338
0.0294679
0.0160769
0.00267886
-0.0107082
-0.0240664
-0.0373783
-0.0506264
-0.0637938
-0.0768637
-0.0898196
-0.102645
-0.115325
-0.127843
-0.140185
-0.152335
-0.16428
-0.176005
-0.187498
-0.198744
-0.209731
-0.220448
-0.230882
-0.241022
-0.250858
-0.26038
-0.269576
-0.278439
-0.286959
-0.295129
-0.302939
-0.310384
-0.317457
-0.32415
-0.330459
-0.336378
-0.341903
-0.347029
-0.351753
-0.356072
-0.359982
-0.363482
-0.36657
-0.369245
-0.371506
-0.373353
-0.374786
-0.375806
-0.376413
-0.37661
-0.376399
-0.375782
-0.374762
-0.373342
-0.371526
-0.369318
-0.366722
-0.363744
-0.360388
-0.356661
-0.352567
-0.348114
-0.343308
-0.338155
-0.332663
-0.326839
-0.320691
-0.314227
-0.307455
-0.300384
-0.293021
-0.285377
-0.27746
-0.26928
-0.260845
-0.252166
-0.243252
-0.234113
-0.224759
-0.2152
-0.205447
-0.195509
-0.185398
-0.175123
-0.164695
-0.154125
-0.143423
-0.132601
-0.121667
-0.110634
-0.0995121
-0.0883114
-0.0770426
-0.0657165
-0.0543435
-0.042934
-0.0314984
-0.0200471
-0.0085902
0.00286209
0.0142997
0.0257128
0.0370916
0.0484262
0.0597073
0.0709253
0.0820709
0.0931351
0.104109
0.114983
0.12575
0.1364
0.146926
0.157318
0.16757
0.177674
0.187621
0.197405
0.207019
0.216455
0.225707
0.234769
0.243633
0.252295
0.260747
0.268985
0.277004
0.284797
0.29236
0.299688
0.306777
0.313623
0.320221
0.326568
0.33266
0.338493
0.344066
0.349373
0.354414
0.359186
0.363686
0.367913
0.371864
0.375539
0.378935
0.382053
0.38489
0.387446
0.389722
0.391716
0.393429
0.39486
0.396011
0.396881
0.397472
0.397785
0.39782
0.39758
0.397065
0.396277
0.395219
0.393891
0.392298
0.39044
0.388321
0.385943
0.383309
0.380423
0.377286
0.373904
0.370278
0.366413
0.362312
0.35798
0.35342
0.348636
0.343633
0.338415
0.332985
0.32735
0.321512
0.315478
0.309251
0.302837
0.296241
0.289467
0.282521
0.275408
0.268133
0.260701
0.253117
0.245388
0.237518
0.229513
0.221378
0.213119
0.204742
0.196251
0.187653
0.178954
0.170158
0.161271
0.1523
0.14325
0.134125
0.124933
0.115679
0.106368
0.097006
0.0875985
0.078151
0.0686691
0.0591585
0.0496244
0.0400725
0.0305081
0.0209365
0.0113632
0.00179351
-0.00776745
-0.0173144
-0.0268423
-0.0363459
-0.0458202
-0.0552603
-0.0646612
-0.074018
-0.0833261
-0.0925806
-0.101777
-0.11091
-0.119977
-0.128971
-0.13789
-0.146727
-0.155481
-0.164145
-0.172717
-0.181192
-0.189567
-0.197837
-0.205999
-0.214049
-0.221983
-0.229799
-0.237493
-0.245062
-0.252502
-0.25981
-0.266984
-0.27402
-0.280915
-0.287668
-0.294275
-0.300733
-0.307041
-0.313196
-0.319196
-0.325038
-0.330721
-0.336243
-0.341601
-0.346794
-0.35182
-0.356678
-0.361366
-0.365883
-0.370227
-0.374398
-0.378393
-0.382213
-0.385856
-0.389321
-0.392608
-0.395715
-0.398643
-0.40139
-0.403957
-0.406343
-0.408548
-0.410571
-0.412413
-0.414074
-0.415553
-0.416851
-0.417968
-0.418904
-0.419661
-0.420237
-0.420635
-0.420854
-0.420895
-0.420759
-0.420447
-0.41996
-0.419299
-0.418464
-0.417457
-0.41628
-0.414932
-0.413417
-0.411734
-0.409886
-0.407874
-0.405699
-0.403363
-0.400869
-0.398216
-0.395408
-0.392446
-0.389331
-0.386067
-0.382654
-0.379095
-0.375392
-0.371547
-0.367561
-0.363438
-0.359179
-0.354787
-0.350264
-0.345611
-0.340833
-0.33593
-0.330906
-0.325762
-0.320502
-0.315127
-0.30964
-0.304044
-0.298342
-0.292535
-0.286627
-0.28062
-0.274517
-0.26832
-0.262032
-0.255656
-0.249194
-0.242649
-0.236024
-0.229322
-0.222545
-0.215696
-0.208778
-0.201794
-0.194745
-0.187636
-0.180468
-0.173245
-0.165969
-0.158644
-0.151271
-0.143853
-0.136394
-0.128896
-0.121362
-0.113794
-0.106195
-0.098568
-0.0909156
-0.0832404
-0.0755451
-0.0678323
-0.0601048
-0.052365
-0.0446157
-0.0368593
-0.0290986
-0.021336
-0.0135741
-0.00581541
0.00193758
0.00968238
0.0174165
0.0251376
0.0328432
0.0405309
0.0481983
0.0558431
0.063463
0.0710557
0.0786189
0.0861503
0.0936479
0.101109
0.108532
0.115915
0.123255
0.130551
0.1378
0.145
0.152149
0.159246
0.166289
0.173275
0.180203
0.18707
0.193876
0.200618
0.207295
0.213904
0.220445
0.226915
0.233314
0.239639
0.245888
0.252061
0.258156
0.264172
0.270106
0.275958
0.281727
0.28741
0.293008
0.298518
0.303939
0.309271
0.314512
0.319661
0.324717
0.329678
0.334545
0.339316
0.343989
0.348565
0.353043
0.357421
0.361698
0.365875
0.36995
0.373922
0.377792
0.381557
0.385219
0.388776
0.392227
0.395573
0.398812
0.401945
0.40497
0.407888
0.410699
0.413401
0.415995
0.418481
0.420857
0.423125
0.425284
0.427334
0.429274
0.431105
0.432827
0.434439
0.435943
0.437337
0.438621
0.439797
0.440864
0.441822
0.442672
0.443413
0.444047
0.444572
0.44499
0.445301
0.445506
0.445603
0.445595
0.445481
0.445263
0.444939
0.444511
0.44398
0.443345
0.442608
0.441769
0.440828
0.439787
0.438646
0.437405
0.436065
0.434627
0.433092
0.43146
0.429732
0.427909
0.425992
0.423981
0.421877
0.419682
0.417395
0.415019
0.412553
0.409998
0.407357
0.404628
0.401814
0.398916
0.395933
0.392868
0.389721
0.386494
0.383187
0.379801
0.376337
0.372797
0.369181
0.365491
0.361727
0.357891
0.353984
0.350006
0.34596
0.341846
0.337664
0.333418
0.329106
0.324731
0.320294
0.315796
0.311238
0.306622
0.301947
0.297216
0.29243
0.28759
0.282697
0.277753
0.272757
0.267713
0.26262
0.257481
0.252296
0.247066
0.241793
0.236478
0.231122
0.225726
0.220292
0.214821
0.209313
0.203771
0.198195
0.192586
0.186947
0.181277
0.175578
0.169852
0.164099
0.158321
0.152518
0.146693
0.140846
0.134979
0.129092
0.123187
0.117265
0.111326
0.105374
0.0994072
0.0934283
0.0874381
0.0814377
0.0754283
0.069411
0.0633869
0.0573572
0.0513228
0.045285
0.0392448
0.0332033
0.0271616
0.0211208
0.0150819
0.00904597
0.00301409
-0.00301269
-0.00903335
-0.0150469
-0.0210522
-0.0270483
-0.0330343
-0.0390091
-0.0449717
-0.0509211
-0.0568564
-0.0627766
-0.0686808
-0.074568
-0.0804373
-0.0862877
-0.0921184
-0.0979284
-0.103717
-0.109483
-0.115225
-0.120944
-0.126637
-0.132305
-0.137945
-0.143559
-0.149143
-0.154699
-0.160224
-0.165719
-0.171182
-0.176613
-0.18201
-0.187374
-0.192703
-0.197997
-0.203255
-0.208476
-0.21366
-0.218805
-0.223912
-0.228979
-0.234007
-0.238993
-0.243938
-0.248841
-0.253701
-0.258519
-0.263292
-0.268021
-0.272705
-0.277343
-0.281936
-0.286482
-0.290981
-0.295432
-0.299835
-0.304189
-0.308494
-0.31275
-0.316956
-0.321111
-0.325216
-0.329269
-0.33327
-0.337219
-0.341115
-0.344959
-0.348749
-0.352486
-0.356168
-0.359797
-0.36337
-0.366888
-0.370352
-0.373759
-0.377111
-0.380406
-0.383645
-0.386827
-0.389952
-0.39302
-0.39603
-0.398983
-0.401878
-0.404714
-0.407493
-0.410213
-0.412874
-0.415476
-0.41802
-0.420504
-0.42293
-0.425295
-0.427602
-0.429849
-0.432036
-0.434163
-0.436231
-0.438238
-0.440186
-0.442074
-0.443901
-0.445669
-0.447376
-0.449023
-0.45061
-0.452137
-0.453604
-0.455011
-0.456357
-0.457644
-0.45887
-0.460037
-0.461144
-0.46219
-0.463177
-0.464105
-0.464972
-0.465781
-0.466529
-0.467219
-0.467849
-0.468421
-0.468933
-0.469387
-0.469782
-0.470118
-0.470396
-0.470616
-0.470778
-0.470883
-0.470929
-0.470919
-0.470851
-0.470726
-0.470544
-0.470306
-0.470011
-0.46966
-0.469253
-0.468791
-0.468273
-0.4677
-0.467072
-0.46639
-0.465653
-0.464862
-0.464018
-0.46312
-0.462168
-0.461164
-0.460107
-0.458998
-0.457836
-0.456623
-0.455359
-0.454044
-0.452677
-0.451261
-0.449794
-0.448278
-0.446712
-0.445097
-0.443434
-0.441722
-0.439962
-0.438155
-0.4363
-0.434399
-0.432451
-0.430457
-0.428417
-0.426332
-0.424202
-0.422027
-0.419809
-0.417546
-0.41524
-0.412891
-0.4105
-0.408066
-0.40559
-0.403074
-0.400516
-0.397918
-0.395279
-0.392601
-0.389884
-0.387128
-0.384333
-0.381501
-0.378631
-0.375724
-0.37278
-0.3698
-0.366784
-0.363733
-0.360646
-0.357526
-0.354371
-0.351183
-0.347961
-0.344707
-0.341421
-0.338103
-0.334753
-0.331373
-0.327962
-0.324521
-0.321051
-0.317551
-0.314023
-0.310467
-0.306883
-0.303272
-0.299634
-0.295969
-0.292279
-0.288563
-0.284822
-0.281057
-0.277267
-0.273454
-0.269618
-0.265759
-0.261878
-0.257975
-0.254051
-0.250105
-0.24614
-0.242154
-0.238149
-0.234125
-0.230082
-0.226021
-0.221942
-0.217846
-0.213734
-0.209604
-0.205459
-0.201299
-0.197123
-0.192933
-0.188729
-0.184511
-0.18028
-0.176036
-0.17178
-0.167511
-0.163232
-0.158941
-0.154639
-0.150328
-0.146007
-0.141676
-0.137336
-0.132988
-0.128632
-0.124269
-0.119898
-0.11552
-0.111136
-0.106746
-0.102351
-0.0979502
-0.093545
-0.0891354
-0.0847221
-0.0803052
-0.0758853
-0.0714628
-0.067038
-0.0626113
-0.0581832
-0.053754
-0.0493241
-0.044894
-0.0404639
-0.0360344
-0.0316057
-0.0271783
-0.0227525
-0.0183288
-0.0139074
-0.00948886
-0.00507341
-0.000661467
0.00374661
0.00815044
0.0125497
0.016944
0.0213329
0.0257162
0.0300935
0.0344645
0.0388287
0.0431858
0.0475356
0.0518776
0.0562115
0.060537
0.0648538
0.0691615
0.0734598
0.0777484
0.082027
0.0862951
0.0905526
0.0947992
0.0990344
0.103258
0.10747
0.111669
0.115856
0.12003
0.124191
0.128339
0.132473
0.136593
0.140699
0.14479
0.148866
0.152927
0.156973
0.161003
0.165018
0.169016
0.172998
0.176963
0.180911
0.184842
0.188755
0.192651
0.196529
0.200389
0.20423
0.208052
0.211856
0.215641
0.219406
0.223151
0.226877
0.230583
0.234269
0.237934
0.241578
0.245202
0.248804
0.252385
0.255945
0.259483
0.263
0.266494
0.269966
0.273415
0.276842
0.280246
0.283627
0.286985
0.290319
0.29363
0.296918
0.300181
0.303421
0.306636
0.309827
0.312994
0.316136
0.319253
0.322345
0.325413
0.328455
0.331472
0.334463
0.337429
0.340369
0.343283
0.346171
0.349033
0.351869
0.354678
0.357461
0.360218
0.362948
0.365651
0.368327
0.370976
0.373598
0.376193
0.378761
0.381301
0.383814
0.386299
0.388757
0.391187
0.393589
0.395963
0.39831
0.400628
0.402918
0.405181
0.407415
0.40962
0.411798
0.413947
0.416067
0.418159
0.420223
0.422258
0.424264
0.426242
0.428191
0.430111
0.432002
0.433865
0.435698
0.437503
0.439279
0.441025
0.442743
0.444432
0.446092
0.447723
0.449325
0.450897
0.452441
0.453955
0.455441
0.456897
0.458324
0.459722
0.461091
0.462431
0.463742
0.465024
0.466276
0.4675
0.468694
0.46986
0.470996
0.472104
0.473182
0.474231
0.475252
0.476243
0.477206
0.47814
0.479044
0.479921
0.480768
0.481586
0.482376
0.483137
0.48387
0.484574
0.485249
0.485896
0.486515
0.487105
0.487667
0.4882
0.488705
0.489182
0.489631
0.490052
0.490445
0.490809
0.491146
0.491455
0.491737
0.49199
0.492216
0.492415
0.492585
0.492729
0.492845
0.492934
0.492995
0.49303
0.493037
0.493018
0.492972
0.492898
0.492798
0.492672
0.492519
0.492339
0.492133
0.491901
0.491643
0.491358
0.491048
0.490711
0.490349
0.489961
0.489547
0.489108
0.488643
0.488153
0.487638
0.487098
0.486533
0.485942
0.485327
0.484687
0.484023
0.483334
0.482621
0.481883
0.481122
0.480336
0.479526
0.478692
0.477835
0.476954
0.47605
0.475122
0.474171
0.473197
0.4722
0.47118
0.470137
0.469071
0.467983
0.466873
0.46574
0.464585
0.463408
0.462209
0.460988
0.459746
0.458482
0.457196
0.455889
0.454562
0.453213
0.451843
0.450452
0.449041
0.447609
0.446157
0.444685
0.443192
0.44168
0.440147
0.438595
0.437023
0.435432
0.433822
0.432192
0.430543
0.428876
0.427189
0.425484
0.423761
0.422019
0.420258
0.41848
0.416684
0.41487
0.413038
0.411189
0.409322
0.407438
0.405537
0.403619
0.401684
0.399732
0.397764
0.39578
0.393779
0.391762
0.389729
0.38768
0.385615
0.383535
0.38144
0.379329
0.377203
0.375062
0.372906
0.370735
0.36855
0.36635
0.364136
0.361908
0.359666
0.35741
0.35514
0.352857
0.35056
0.34825
0.345927
0.34359
0.341241
0.338879
0.336505
0.334118
0.331719
0.329308
0.326884
0.324449
0.322002
0.319543
0.317073
0.314592
0.3121
0.309596
0.307082
0.304556
0.302021
0.299474
0.296918
0.294351
0.291774
0.289188
0.286591
0.283985
0.28137
0.278745
0.276111
0.273467
0.270815
0.268154
0.265485
0.262807
0.26012
0.257426
0.254723
0.252012
0.249294
0.246567
0.243834
0.241092
0.238344
0.235588
0.232826
0.230056
0.22728
0.224497
0.221708
0.218912
0.21611
0.213302
0.210488
0.207668
0.204843
0.202012
0.199176
0.196334
0.193487
0.190635
0.187779
0.184917
0.182051
0.17918
0.176305
0.173426
0.170542
0.167655
0.164764
0.161869
0.15897
0.156068
0.153162
0.150254
0.147342
0.144427
0.141509
0.138588
0.135665
0.132739
0.129811
0.126881
0.123948
0.121014
0.118078
0.115139
0.112199
0.109258
0.106315
0.103371
0.100425
0.0974788
0.0945314
0.091583
0.0886339
0.0856842
0.082734
0.0797834
0.0768325
0.0738814
0.0709302
0.0679791
0.0650282
0.0620775
0.0591272
0.0561774
0.0532282
0.0502797
0.047332
0.0443852
0.0414394
0.0384948
0.0355514
0.0326094
0.0296688
0.0267297
0.0237923
0.0208567
0.0179229
0.0149911
0.0120613
0.0091337
0.00620837
0.0032854
0.000364886
-0.00255306
-0.00546836
-0.00838089
-0.0112906
-0.0141973
-0.017101
-0.0200016
-0.0228989
-0.0257929
-0.0286834
-0.0315705
-0.0344539
-0.0373336
-0.0402096
-0.0430816
-0.0459497
-0.0488138
-0.0516736
-0.0545293
-0.0573806
-0.0602275
-0.0630699
-0.0659077
-0.0687408
-0.0715691
-0.0743927
-0.0772113
-0.0800248
-0.0828333
-0.0856366
-0.0884346
-0.0912273
-0.0940146
-0.0967964
-0.0995726
-0.102343
-0.105108
-0.107867
-0.11062
-0.113367
-0.116108
-0.118843
-0.121572
-0.124294
-0.12701
-0.12972
-0.132423
-0.13512
-0.13781
-0.140493
-0.14317
-0.145839
-0.148502
-0.151158
-0.153806
-0.156448
-0.159082
-0.161709
-0.164329
-0.166941
-0.169546
-0.172144
-0.174734
-0.177316
-0.17989
-0.182457
-0.185016
-0.187567
-0.19011
-0.192645
-0.195172
-0.19769
-0.200201
-0.202703
-0.205197
-0.207683
-0.21016
-0.212629
-0.215089
-0.217541
-0.219984
-0.222418
-0.224843
-0.22726
-0.229668
-0.232067
-0.234457
-0.236838
-0.23921
-0.241573
-0.243926
-0.246271
-0.248606
-0.250932
-0.253249
-0.255556
-0.257853
-0.260142
-0.26242
-0.26469
-0.266949
-0.269199
-0.271439
-0.27367
-0.27589
-0.278101
-0.280302
-0.282493
-0.284674
-0.286846
-0.289007
-0.291158
-0.293299
-0.29543
-0.29755
-0.299661
-0.301761
-0.303851
-0.30593
-0.308
-0.310059
-0.312107
-0.314145
-0.316173
-0.31819
-0.320196
-0.322192
-0.324177
-0.326152
-0.328116
-0.33007
-0.332012
-0.333944
-0.335865
-0.337775
-0.339675
-0.341564
-0.343441
-0.345308
-0.347164
-0.349009
-0.350843
-0.352666
-0.354478
-0.356279
-0.358069
-0.359847
-0.361615
-0.363372
-0.365117
-0.366851
-0.368574
-0.370286
-0.371986
-0.373676
-0.375354
-0.377021
-0.378676
-0.38032
-0.381953
-0.383575
-0.385185
-0.386784
-0.388371
-0.389947
-0.391512
-0.393065
-0.394606
-0.396137
-0.397655
-0.399163
-0.400658
-0.402143
-0.403616
-0.405077
-0.406527
-0.407965
-0.409391
-0.410807
-0.41221
-0.413602
-0.414983
-0.416351
-0.417709
-0.419054
-0.420388
-0.421711
-0.423022
-0.424321
-0.425608
-0.426884
-0.428149
-0.429401
-0.430642
-0.431872
-0.43309
-0.434296
-0.43549
-0.436673
-0.437844
-0.439004
-0.440152
-0.441288
-0.442413
-0.443526
-0.444627
-0.445717
-0.446795
-0.447861
-0.448916
-0.44996
-0.450991
-0.452011
-0.453019
-0.454016
-0.455001
-0.455975
-0.456937
-0.457887
-0.458826
-0.459753
-0.460669
-0.461573
-0.462465
-0.463346
-0.464215
-0.465073
-0.465919
-0.466754
-0.467577
-0.468389
-0.469189
-0.469978
-0.470756
-0.471521
-0.472276
-0.473019
-0.47375
-0.47447
-0.475179
-0.475876
-0.476562
-0.477237
-0.4779
-0.478552
-0.479192
-0.479821
-0.480439
-0.481046
-0.481641
-0.482225
-0.482798
-0.483359
-0.48391
-0.484449
-0.484977
-0.485494
-0.485999
-0.486494
-0.486977
-0.487449
-0.48791
-0.48836
-0.488799
-0.489227
-0.489644
-0.49005
-0.490445
-0.490829
-0.491202
-0.491564
-0.491916
-0.492256
-0.492585
-0.492904
-0.493212
-0.493509
-0.493795
-0.49407
-0.494335
-0.494589
-0.494832
-0.495065
-0.495287
-0.495498
-0.495698
-0.495888
-0.496068
-0.496237
-0.496395
-0.496543
-0.49668
-0.496807
-0.496924
-0.49703
-0.497126
-0.497211
-0.497286
-0.497351
-0.497405
-0.497449
-0.497483
-0.497507
-0.49752
-0.497523
-0.497517
-0.4975
-0.497472
-0.497435
-0.497388
-0.497331
-0.497264
-0.497187
-0.4971
-0.497003
-0.496896
-0.496779
-0.496653
-0.496516
-0.49637
-0.496214
-0.496049
-0.495874
-0.495689
-0.495494
-0.49529
-0.495076
-0.494853
-0.49462
-0.494378
-0.494126
-0.493865
-0.493594
-0.493314
-0.493025
-0.492726
-0.492419
-0.492101
-0.491775
-0.491439
-0.491095
-0.490741
-0.490378
-0.490006
-0.489625
-0.489234
-0.488835
-0.488427
-0.48801
-0.487584
-0.487149
-0.486706
-0.486253
-0.485792
-0.485322
-0.484844
-0.484356
-0.48386
-0.483356
-0.482843
-0.482321
-0.481791
-0.481252
-0.480705
-0.480149
-0.479585
-0.479013
-0.478432
-0.477843
-0.477246
-0.47664
-0.476027
-0.475405
-0.474775
-0.474137
-0.473491
-0.472836
-0.472174
-0.471504
-0.470826
-0.47014
-0.469446
-0.468744
-0.468035
-0.467317
-0.466592
-0.46586
-0.465119
-0.464371
-0.463616
-0.462852
-0.462082
-0.461303
-0.460517
-0.459724
-0.458924
-0.458116
-0.4573
-0.456478
-0.455648
-0.454811
-0.453966
-0.453115
-0.452256
-0.45139
-0.450518
-0.449638
-0.448751
-0.447857
-0.446956
-0.446049
-0.445134
-0.444213
-0.443285
-0.44235
-0.441408
-0.44046
-0.439505
-0.438543
-0.437575
-0.4366
-0.435619
-0.434631
-0.433637
-0.432636
-0.431629
-0.430616
-0.429596
-0.42857
-0.427538
-0.426499
-0.425455
-0.424404
-0.423347
-0.422284
-0.421215
-0.42014
-0.419059
-0.417972
-0.416879
-0.41578
-0.414676
-0.413565
-0.412449
-0.411327
-0.4102
-0.409066
-0.407927
-0.406783
-0.405633
-0.404477
-0.403316
-0.402149
-0.400977
-0.3998
-0.398617
-0.397429
-0.396236
-0.395037
-0.393833
-0.392624
-0.39141
-0.390191
-0.388966
-0.387737
-0.386502
-0.385263
-0.384018
-0.382769
-0.381515
-0.380255
-0.378991
-0.377723
-0.376449
-0.375171
-0.373888
-0.372601
-0.371308
-0.370012
-0.36871
-0.367404
-0.366094
-0.364779
-0.36346
-0.362137
-0.360809
-0.359476
-0.35814
-0.356799
-0.355454
-0.354105
-0.352752
-0.351394
-0.350032
-0.348667
-0.347297
-0.345924
-0.344546
-0.343165
-0.341779
-0.34039
-0.338997
-0.3376
-0.336199
-0.334795
-0.333387
-0.331975
-0.33056
-0.329141
-0.327718
-0.326292
-0.324862
-0.323429
-0.321993
-0.320553
-0.31911
-0.317663
-0.316213
-0.31476
-0.313303
-0.311844
-0.310381
-0.308915
-0.307446
-0.305973
-0.304498
-0.30302
-0.301538
-0.300054
-0.298567
-0.297077
-0.295584
-0.294088
-0.292589
-0.291088
-0.289583
-0.288076
-0.286567
-0.285055
-0.28354
-0.282022
-0.280502
-0.278979
-0.277454
-0.275927
-0.274397
-0.272864
-0.271329
-0.269792
-0.268252
-0.266711
-0.265167
-0.26362
-0.262072
-0.260521
-0.258968
-0.257413
-0.255856
-0.254297
-0.252735
-0.251172
-0.249607
-0.24804
-0.246471
-0.2449
-0.243327
-0.241753
-0.240176
-0.238598
-0.237018
-0.235436
-0.233853
-0.232268
-0.230681
-0.229093
-0.227503
-0.225912
-0.224319
-0.222725
-0.221129
-0.219531
-0.217933
-0.216333
-0.214731
-0.213128
-0.211524
-0.209919
-0.208312
-0.206705
-0.205096
-0.203485
-0.201874
-0.200262
-0.198648
-0.197034
-0.195418
-0.193801
-0.192184
-0.190565
-0.188946
-0.187326
-0.185704
-0.184082
-0.182459
-0.180836
-0.179211
-0.177586
-0.17596
-0.174334
-0.172706
-0.171078
-0.16945
-0.167821
-0.166191
-0.164561
-0.16293
-0.161299
-0.159667
-0.158035
-0.156402
-0.154769
-0.153136
-0.151502
-0.149868
-0.148234
-0.1466
-0.144965
-0.14333
-0.141695
-0.140059
-0.138424
-0.136788
-0.135152
-0.133516
-0.13188
-0.130244
-0.128608
-0.126972
-0.125336
-0.123701
-0.122065
-0.120429
-0.118794
-0.117158
-0.115523
-0.113888
-0.112253
-0.110619
-0.108984
-0.10735
-0.105716
-0.104083
-0.10245
-0.100817
-0.0991851
-0.0975532
-0.0959218
-0.0942908
-0.0926604
-0.0910304
-0.0894009
-0.087772
-0.0861437
-0.0845159
-0.0828888
-0.0812623
-0.0796364
-0.0780112
-0.0763867
-0.0747629
-0.0731398
-0.0715175
-0.069896
-0.0682753
-0.0666553
-0.0650362
-0.063418
-0.0618006
-0.0601842
-0.0585686
-0.056954
-0.0553403
-0.0537276
-0.0521159
-0.0505052
-0.0488955
-0.0472869
-0.0456794
-0.0440729
-0.0424675
-0.0408633
-0.0392602
-0.0376583
-0.0360575
-0.034458
-0.0328597
-0.0312626
-0.0296667
-0.0280722
-0.0264789
-0.0248869
-0.0232963
-0.021707
-0.0201191
-0.0185325
-0.0169474
-0.0153637
-0.0137814
-0.0122005
-0.0106211
-0.00904323
-0.00746684
-0.00589196
-0.00431862
-0.00274684
-0.00117662
0.000392008
0.00195903
0.00352444
0.00508821
0.00665033
0.00821077
0.00976953
0.0113266
0.0128819
0.0144355
0.0159874
0.0175375
0.0190858
0.0206323
0.022177
0.0237199
0.0252609
0.0268001
0.0283374
0.0298728
0.0314063
0.0329379
0.0344676
0.0359953
0.037521
0.0390448
0.0405665
0.0420863
0.043604
0.0451197
0.0466333
0.0481449
0.0496544
0.0511618
0.0526671
0.0541703
0.0556713
0.0571702
0.0586669
0.0601615
0.0616538
0.063144
0.0646319
0.0661176
0.0676011
0.0690823
0.0705612
0.0720379
0.0735122
0.0749843
0.076454
0.0779213
0.0793864
0.0808491
0.0823094
0.0837673
0.0852228
0.0866759
0.0881266
0.0895748
0.0910206
0.092464
0.0939049
0.0953432
0.0967791
0.0982125
0.0996434
0.101072
0.102498
0.103921
0.105342
0.10676
0.108175
0.109588
0.110998
0.112406
0.113811
0.115214
0.116613
0.118011
0.119405
0.120797
0.122186
0.123572
0.124956
0.126337
0.127715
0.129091
0.130463
0.131833
0.1332
0.134565
0.135926
0.137285
0.138641
0.139994
0.141344
0.142692
0.144037
0.145378
0.146717
0.148053
0.149386
0.150717
0.152044
0.153368
0.15469
0.156008
0.157324
0.158637
0.159946
0.161253
0.162557
0.163858
0.165155
0.16645
0.167742
0.169031
0.170317
0.171599
0.172879
0.174156
0.175429
0.1767
0.177967
0.179231
0.180493
0.181751
0.183006
0.184258
0.185507
0.186753
0.187995
0.189235
0.190471
0.191704
0.192934
0.194161
0.195385
0.196605
0.197823
0.199037
0.200248
0.201455
0.20266
0.203861
0.205059
0.206254
0.207446
0.208634
0.20982
0.211001
0.21218
0.213355
0.214528
0.215696
0.216862
0.218024
0.219183
0.220339
0.221491
0.22264
0.223786
0.224929
0.226068
0.227204
0.228336
0.229465
0.230591
0.231713
0.232833
0.233948
0.235061
0.23617
0.237275
0.238378
0.239477
0.240572
0.241664
0.242753
0.243838
0.24492
0.245999
0.247074
0.248145
0.249214
0.250279
0.25134
0.252398
0.253453
0.254504
0.255551
0.256596
0.257637
0.258674
0.259708
0.260738
0.261765
0.262789
0.263809
0.264825
0.265839
0.266848
0.267854
0.268857
0.269856
0.270852
0.271844
0.272833
0.273818
0.2748
0.275778
0.276753
0.277724
0.278692
0.279656
0.280617
0.281574
0.282527
0.283478
0.284424
0.285367
0.286307
0.287243
0.288175
0.289104
0.29003
0.290952
0.29187
0.292785
0.293696
0.294604
0.295508
0.296409
0.297306
0.2982
0.29909
0.299976
0.300859
0.301738
0.302614
0.303486
0.304355
0.30522
0.306082
0.30694
0.307794
0.308645
0.309492
0.310336
0.311176
0.312013
0.312846
0.313676
0.314502
0.315324
0.316143
0.316958
0.31777
0.318578
0.319382
0.320183
0.320981
0.321774
0.322565
0.323351
0.324134
0.324914
0.32569
0.326462
0.327231
0.327996
0.328758
0.329516
0.330271
0.331022
0.331769
0.332513
0.333253
0.33399
0.334723
0.335453
0.336179
0.336901
0.33762
0.338335
0.339047
0.339755
0.34046
0.341161
0.341858
0.342552
0.343243
0.34393
0.344613
0.345292
0.345969
0.346641
0.34731
0.347976
0.348638
0.349296
0.349951
0.350602
0.35125
0.351894
0.352535
0.353172
0.353806
0.354436
0.355062
0.355685
0.356305
0.356921
0.357533
0.358142
0.358747
0.359349
0.359947
0.360542
0.361133
0.361721
0.362305
0.362886
0.363463
0.364037
0.364607
0.365174
0.365737
0.366297
0.366853
0.367406
0.367955
0.368501
0.369043
0.369582
0.370117
0.370649
0.371177
0.371702
0.372223
0.372741
0.373255
0.373766
0.374274
0.374778
0.375278
0.375776
0.376269
0.376759
0.377246
0.377729
0.378209
0.378686
0.379159
0.379628
0.380094
0.380557
0.381016
0.381472
0.381925
0.382374
0.382819
0.383262
0.3837
0.384136
0.384568
0.384996
0.385422
0.385844
0.386262
0.386677
0.387089
0.387497
0.387902
0.388304
0.388702
0.389097
0.389488
0.389876
0.390261
0.390643
0.391021
0.391395
0.391767
0.392135
0.3925
0.392861
0.393219
0.393574
0.393926
0.394274
0.394619
0.39496
0.395299
0.395634
0.395965
0.396294
0.396619
0.396941
0.397259
0.397574
0.397887
0.398195
0.398501
0.398803
0.399102
0.399398
0.39969
0.39998
0.400266
0.400549
0.400828
0.401105
0.401378
0.401648
0.401915
0.402178
0.402439
0.402696
0.40295
0.403201
0.403448
0.403693
0.403934
0.404172
0.404407
0.404639
0.404867
0.405093
0.405315
0.405534
0.40575
0.405963
0.406173
0.40638
0.406584
0.406784
0.406981
0.407176
0.407367
0.407555
0.40774
0.407922
0.408101
0.408276
0.408449
0.408619
0.408785
0.408949
0.409109
0.409267
0.409421
0.409573
0.409721
0.409866
0.410009
0.410148
0.410284
0.410418
0.410548
0.410675
0.410799
0.410921
0.411039
0.411154
0.411267
0.411376
0.411483
0.411586
0.411687
0.411785
0.411879
0.411971
0.41206
0.412146
0.412229
0.412309
0.412387
0.412461
0.412532
0.412601
0.412667
0.412729
0.412789
0.412846
0.412901
0.412952
0.413001
0.413046
0.413089
0.413129
0.413166
0.413201
0.413232
0.413261
0.413287
0.41331
0.41333
0.413348
0.413363
0.413375
0.413384
0.41339
0.413394
0.413395
0.413393
0.413388
0.413381
0.413371
0.413358
0.413343
0.413325
0.413304
0.41328
0.413254
0.413225
0.413193
0.413159
0.413122
0.413082
0.41304
0.412995
0.412947
0.412897
0.412844
0.412789
0.41273
0.41267
0.412606
0.41254
0.412472
0.4124
0.412327
0.41225
0.412171
0.41209
0.412005
0.411919
0.411829
0.411738
0.411643
0.411546
0.411447
0.411345
0.411241
0.411134
0.411024
0.410912
0.410798
0.410681
0.410561
0.410439
0.410315
0.410188
0.410059
0.409927
0.409793
0.409656
0.409517
0.409375
0.409231
0.409085
0.408936
0.408785
0.408631
0.408475
0.408317
0.408156
0.407993
0.407828
0.40766
0.40749
0.407317
0.407142
0.406965
0.406785
0.406603
0.406419
0.406232
0.406044
0.405852
0.405659
0.405463
0.405265
0.405065
0.404862
0.404657
0.40445
0.404241
0.404029
0.403816
0.4036
0.403381
0.403161
0.402938
0.402713
0.402486
0.402257
0.402025
0.401791
0.401555
0.401317
0.401077
0.400835
0.40059
0.400344
0.400095
0.399844
0.399591
0.399336
0.399078
0.398819
0.398557
0.398294
0.398028
0.39776
0.39749
0.397218
0.396944
0.396668
0.39639
0.39611
0.395828
0.395544
0.395257
0.394969
0.394679
0.394386
0.394092
0.393796
0.393497
0.393197
0.392895
0.392591
0.392285
0.391976
0.391666
0.391354
0.39104
0.390724
0.390407
0.390087
0.389765
0.389442
0.389116
0.388789
0.388459
0.388128
0.387795
0.38746
0.387124
0.386785
0.386444
0.386102
0.385758
0.385412
0.385064
0.384715
0.384363
0.38401
0.383655
0.383298
0.382939
0.382579
0.382217
0.381853
0.381487
0.38112
0.38075
0.380379
0.380007
0.379632
0.379256
0.378878
0.378499
0.378117
0.377734
0.37735
0.376963
0.376575
0.376185
0.375794
0.375401
0.375006
0.37461
0.374212
0.373812
0.373411
0.373008
0.372603
0.372197
0.371789
0.37138
0.370969
0.370556
0.370142
0.369727
0.369309
0.368891
0.36847
0.368048
0.367625
0.3672
0.366773
0.366345
0.365915
0.365484
0.365052
0.364618
0.364182
0.363745
0.363306
0.362866
0.362425
0.361982
0.361537
0.361091
0.360644
0.360195
0.359745
0.359293
0.35884
0.358386
0.35793
0.357473
0.357014
0.356554
0.356092
0.35563
0.355165
0.3547
0.354233
0.353764
0.353295
0.352824
0.352352
0.351878
0.351403
0.350927
0.350449
0.34997
0.34949
0.349009
0.348526
0.348042
0.347556
0.34707
0.346582
0.346093
0.345602
0.345111
0.344618
0.344124
0.343629
0.343132
0.342634
0.342135
0.341635
0.341134
0.340632
0.340128
0.339623
0.339117
0.33861
0.338101
0.337592
0.337081
0.336569
0.336056
0.335542
0.335027
0.334511
0.333993
0.333475
0.332955
0.332434
0.331913
0.33139
0.330866
0.330341
0.329815
0.329287
0.328759
0.32823
0.3277
0.327168
0.326636
0.326103
0.325568
0.325033
0.324496
0.323959
0.32342
0.322881
0.322341
0.321799
0.321257
0.320714
0.320169
0.319624
0.319078
0.318531
0.317983
0.317434
0.316884
0.316333
0.315782
0.315229
0.314676
0.314121
0.313566
0.31301
0.312453
0.311895
0.311336
0.310776
0.310216
0.309654
0.309092
0.308529
0.307965
0.307401
0.306835
0.306269
0.305702
0.305134
0.304565
0.303996
0.303425
0.302854
0.302282
0.30171
0.301136
0.300562
0.299987
0.299412
0.298835
0.298258
0.29768
0.297102
0.296523
0.295943
0.295362
0.29478
0.294198
0.293616
0.293032
0.292448
0.291863
0.291278
0.290691
0.290105
0.289517
0.288929
0.28834
0.287751
0.287161
0.28657
0.285979
0.285387
0.284795
0.284202
0.283608
0.283014
0.282419
0.281823
0.281227
0.280631
0.280034
0.279436
0.278838
0.278239
0.27764
0.27704
0.276439
0.275838
0.275237
0.274635
0.274032
0.273429
0.272826
0.272222
0.271618
0.271013
0.270407
0.269801
0.269195
0.268588
0.267981
0.267373
0.266765
0.266156
0.265547
0.264938
0.264328
0.263718
0.263107
0.262496
0.261884
0.261272
0.26066
0.260047
0.259434
0.258821
0.258207
0.257593
0.256978
0.256363
0.255748
0.255132
0.254516
0.2539
0.253283
0.252666
0.252049
0.251431
0.250814
0.250195
0.249577
0.248958
0.248339
0.24772
0.2471
0.24648
0.24586
0.245239
0.244619
0.243998
0.243376
0.242755
0.242133
0.241511
0.240889
0.240267
0.239644
0.239021
0.238398
0.237775
0.237152
0.236528
0.235904
0.23528
0.234656
0.234032
0.233407
0.232782
0.232158
0.231533
0.230907
0.230282
0.229657
0.229031
0.228406
0.22778
0.227154
0.226528
0.225902
0.225275
0.224649
0.224023
0.223396
0.222769
0.222143
0.221516
0.220889
0.220262
0.219635
0.219008
0.218381
0.217754
0.217127
0.2165
0.215872
0.215245
0.214618
0.213991
0.213363
0.212736
0.212109
0.211481
0.210854
0.210227
0.209599
0.208972
0.208345
0.207718
0.207091
0.206463
0.205836
0.205209
0.204582
0.203955
0.203328
0.202702
0.202075
0.201448
0.200822
0.200195
0.199569
0.198943
0.198316
0.19769
0.197064
0.196439
0.195813
0.195187
0.194562
0.193936
0.193311
0.192686
0.192061
0.191436
0.190812
0.190187
0.189563
0.188939
0.188315
0.187691
0.187068
0.186444
0.185821
0.185198
0.184575
0.183953
0.18333
0.182708
0.182086
0.181464
0.180843
0.180222
0.1796
0.17898
0.178359
0.177739
0.177119
0.176499
0.17588
0.17526
0.174641
0.174023
0.173404
0.172786
0.172168
0.171551
0.170933
0.170317
0.1697
0.169084
0.168468
0.167852
0.167237
0.166622
0.166007
0.165393
0.164779
0.164165
0.163552
0.162939
0.162326
0.161714
0.161102
0.160491
0.159879
0.159269
0.158658
0.158049
0.157439
0.15683
0.156221
0.155613
0.155005
0.154397
0.15379
0.153184
0.152578
0.151972
0.151366
0.150762
0.150157
0.149553
0.14895
0.148346
0.147744
0.147142
0.14654
0.145939
0.145338
0.144738
0.144138
0.143539
0.14294
0.142342
0.141744
0.141147
0.14055
0.139954
0.139359
0.138763
0.138169
0.137575
0.136981
0.136388
0.135796
0.135204
0.134613
0.134022
0.133432
0.132842
0.132253
0.131665
0.131077
0.13049
0.129903
0.129317
0.128731
0.128146
0.127562
0.126979
0.126395
0.125813
0.125231
0.12465
0.12407
0.12349
0.12291
0.122332
0.121754
0.121177
0.1206
0.120024
0.119449
0.118874
0.1183
0.117727
0.117154
0.116582
0.116011
0.11544
0.114871
0.114301
0.113733
0.113165
0.112598
0.112032
0.111466
0.110902
0.110338
0.109774
0.109212
0.10865
0.108089
0.107528
0.106969
0.10641
0.105852
0.105295
0.104738
0.104182
0.103627
0.103073
0.10252
0.101967
0.101416
0.100865
0.100314
0.0997651
0.0992165
0.0986688
0.0981219
0.0975759
0.0970307
0.0964863
0.0959428
0.0954001
0.0948583
0.0943173
0.0937772
0.0932379
0.0926995
0.092162
0.0916254
0.0910896
0.0905547
0.0900207
0.0894876
0.0889554
0.0884242
0.0878938
0.0873643
0.0868357
0.0863081
0.0857814
0.0852556
0.0847307
0.0842068
0.0836838
0.0831618
0.0826407
0.0821206
0.0816014
0.0810832
0.0805659
0.0800496
0.0795343
0.07902
0.0785067
0.0779943
0.077483
0.0769726
0.0764633
0.0759549
0.0754476
0.0749412
0.0744359
0.0739316
0.0734284
0.0729262
0.072425
0.0719248
0.0714257
0.0709277
0.0704307
0.0699348
0.0694399
0.0689461
0.0684534
0.0679617
0.0674712
0.0669817
0.0664933
0.066006
0.0655198
0.0650347
0.0645508
0.0640679
0.0635862
0.0631056
0.0626261
0.0621477
0.0616705
0.0611945
0.0607195
0.0602458
0.0597732
0.0593017
0.0588315
0.0583624
0.0578944
0.0574277
0.0569621
0.0564978
0.0560346
0.0555726
0.0551119
0.0546523
0.054194
0.0537369
0.053281
0.0528264
0.052373
0.0519208
0.0514699
0.0510202
0.0505718
0.0501247
0.0496788
0.0492342
0.0487909
0.0483489
0.0479081
0.0474687
0.0470305
0.0465937
0.0461582
0.045724
0.0452911
0.0448595
0.0444293
0.0440004
0.0435729
0.0431467
0.0427219
0.0422984
0.0418764
0.0414556
0.0410363
0.0406184
0.0402018
0.0397867
0.0393729
0.0389606
0.0385496
0.0381402
0.0377321
0.0373255
0.0369203
0.0365165
0.0361143
0.0357134
0.0353141
0.0349162
0.0345198
0.0341249
0.0337315
0.0333396
0.0329492
0.0325603
0.032173
0.0317871
0.0314028
0.0310201
0.0306389
0.0302593
0.0298812
0.0295047
0.0291298
0.0287564
0.0283847
0.0280146
0.0276461
0.0272792
0.0269139
0.0265503
0.0261883
0.025828
0.0254693
0.0251123
0.024757
0.0244034
0.0240515
0.0237012
0.0233527
0.0230059
0.0226609
0.0223175
0.021976
0.0216362
0.0212981
0.0209619
0.0206274
0.0202947
0.0199639
0.0196349
0.0193077
0.0189823
0.0186588
0.0183372
0.0180174
0.0176995
0.0173835
0.0170695
0.0167573
0.0164471
0.0161388
0.0158325
0.0155282
0.0152259
0.0149255
0.0146272
0.0143309
0.0140366
0.0137444
0.0134542
0.0131661
0.0128802
0.0125963
0.0123146
0.012035
0.0117576
0.0114824
0.0112094
0.0109385
0.0106699
0.0104036
0.0101395
0.00987775
0.00961828
0.00936114
0.00910635
0.00885393
0.0086039
0.0083563
0.00811113
0.00786842
0.00762821
0.0073905
0.00715534
0.00692275
0.00669275
0.00646537
0.00624065
0.00601862
0.0057993
0.00558273
0.00536894
0.00515798
0.00494987
0.00474466
0.00454238
0.00434309
0.00414682
0.00395361
0.00376352
0.0035766
0.0033929
0.00321248
0.00303539
0.0028617
0.00269148
0.00252479
0.00236171
0.00220232
0.0020467
0.00189495
0.00174716
0.00160345
0.00146392
0.00132872
0.00119796
0.00107182
0.000950464
0.000834081
0.000722894
0.000617153
0.000517153
0.000423239
0.00033583
0.000255447
0.000182763
0.000118695
6.46026e-05
2.2838e-05
-0
