0.0664811163384447928459408672097
0.0427925351212034774106562906582
0.0427925351212034774106562906582
0.0664811163384447928459408672097
0.0864547340338223391231764480835
0.10191102506719201814533448669
0.119954466294140388304967359545
0.135513574206872711158666788833
0.152072276026359920475528042516
0.168336727813079817250851988319
0.185145099956464886936657876504
0.202856382783349026288632899195
0.222858739249123083414616530717
0.243831185535077876735954305332
0.266817548025905404429636291752
0.292806365990506578533825177146
0.322524201001305355074322278597
0.357088167153324864688812567692
0.397820374637831264408305287361
0.445603438639413984567738680198
0.493037449148627127115673829394
0.413394834113229248107046487348
0.493037449148627127115673829394
0.445603438639413984567738680198
