-0.076009799669538830047
-0.056238652109232713239
-0.025556396809385102664
-0.056238652109232713239
-0.076009799669538830047
-0.093256968479829116525
-0.11194734054649724264
-0.12726304685020967122
-0.14377722960607924874
-0.16023351432110644055
-0.17594814004407494101
-0.19420906104272298021
-0.21280258175678318233
-0.2329041571262465693
-0.25509558255123782056
-0.27957652032648377949
-0.3071469552712752793
-0.33914228991569583815
-0.37661048110790434906
-0.42089523368023368244
-0.47092938916489762713
-0.49752336495522025972
-0.49752336495522025972
-0.47092938916489762713
